Energy per Capita,Coal Consumption,Coal Consumption Per Capita,Gas Consumption,Gas Consumption Electricity Per Capita,Gas Consumption Energy Per Capita,Oil Consumption,Oil Consumption ELectricity Per Capita,Oil Consumption Energy Per Capita
0.0,0.0,0.0,0.0,0.0,0.0,3.644297872340425,0.0,0.0
0.0,0.0,0.0,0.0,0.0,0.0,4.046627659574469,0.0,0.0
0.0,0.0,0.0,0.0,0.0,0.0,4.621457446808511,0.0,0.0
0.0,0.0,0.0,0.0,0.0,0.0,5.054468085106383,0.0,0.0
0.0,0.0,0.0,0.0,0.0,0.0,5.766659574468085,0.0,0.0
0.0,0.0,0.0,0.0,0.0,0.0,6.015202127659574,0.0,0.0
0.0,0.0,0.0,0.0,0.0,0.0,5.897542553191489,0.0,0.0
0.0,0.0,0.0,0.0,0.0,0.0,7.481670212765958,0.0,0.0
0.0,0.0,0.0,0.0,0.0,0.0,8.166989361702127,0.0,0.0
0.0,0.0,0.0,0.0,0.0,0.0,8.535308510638298,0.0,0.0
0.0,0.0,0.0,0.0,0.0,0.0,9.378978723404256,0.0,0.0
0.0,0.0,0.0,0.0,0.0,0.0,10.050702127659575,0.0,0.0
0.0,0.0,0.0,0.0,0.0,0.0,10.224755319148935,0.0,0.0
0.0,0.0,0.0,0.0,0.0,0.0,11.417946808510637,0.0,0.0
0.0,0.0,0.0,0.0,0.0,0.0,11.798521276595745,0.0,0.0
0.0,0.0,0.0,0.0,0.0,0.0,12.689691489361701,0.0,0.0
0.0,0.0,0.0,0.0,0.0,0.0,13.61687234042553,0.0,0.0
0.0,0.0,0.0,0.0,0.0,0.0,15.345446808510635,0.0,0.0
0.0,0.0,0.0,0.0,0.0,0.0,15.841297872340425,0.0,0.0
0.0,0.0,0.0,0.0,0.0,0.0,18.03713829787234,0.0,0.0
0.0,0.0,0.0,0.0,0.0,0.0,23.44548936170213,0.0,0.0
0.0,0.0,0.0,0.0,0.0,0.0,25.420340425531915,0.0,0.0
0.0,0.0,0.0,0.0,0.0,0.0,28.31326595744681,0.0,0.0
0.0,0.0,0.0,0.0,0.0,0.0,33.524372340425536,0.0,0.0
0.0,0.0,0.0,0.0,0.0,0.0,33.12893617021277,0.0,0.0
0.0,0.0,0.0,0.0,0.0,0.0,34.423489361702124,0.0,0.0
0.0,0.0,0.0,0.0,0.0,0.0,34.799968085106386,0.0,0.0
0.0,0.0,0.0,0.0,0.0,0.0,39.201542553191494,0.0,0.0
0.0,0.0,0.0,0.0,0.0,0.0,40.0826914893617,0.0,0.0
0.0,0.0,0.0,0.0,0.0,0.0,44.563212765957445,0.0,0.0
0.0,0.0,0.0,0.0,0.0,0.0,41.626659574468086,0.0,0.0
0.0,0.0,0.0,0.0,0.0,0.0,40.02741489361702,0.0,0.0
0.0,0.0,0.0,0.0,0.0,0.0,37.973574468085104,0.0,0.0
0.0,0.0,0.0,0.0,0.0,0.0,41.98126595744681,0.0,0.0
0.0,0.0,0.0,0.0,0.0,0.0,43.834765957446805,0.0,0.0
0.0,0.0,0.0,0.0,0.0,0.0,48.21627659574468,0.0,0.0
0.0,0.0,0.0,0.0,0.0,0.0,52.691223404255325,0.0,0.0
0.0,0.0,0.0,0.0,0.0,0.0,60.14198936170212,0.0,0.0
0.0,0.0,0.0,0.0,0.0,0.0,58.111414893617024,0.0,0.0
0.0,0.0,0.0,0.0,0.0,0.0,60.41534042553191,0.0,0.0
0.0,0.0,0.0,0.0,0.0,0.0,62.62163829787233,0.0,0.0
0.0,0.0,0.0,0.0,0.0,0.0,64.04412765957447,0.0,0.0
0.0,0.0,0.0,0.0,0.0,0.0,62.114031914893616,0.0,0.0
0.0,0.0,0.0,0.0,0.0,0.0,67.09796808510639,0.0,0.0
0.0,0.0,0.0,0.0,0.0,0.0,76.11470212765957,0.0,0.0
0.0,0.0,0.0,0.0,0.0,0.0,77.47947872340426,0.0,0.0
0.0,0.0,0.0,0.0,0.0,0.0,81.89967021276595,0.0,0.0
0.0,0.0,0.0,0.0,0.0,0.0,89.77376595744681,0.0,0.0
0.0,0.0,0.0,0.0,0.0,0.0,101.67078723404255,0.0,0.0
0.0,0.0,0.0,0.0,0.0,0.0,101.05709574468085,0.0,0.0
0.0,0.0,0.0,0.0,0.0,0.0,114.12186170212766,0.0,0.0
0.0,0.0,0.0,0.0,0.0,0.0,130.71587234042553,0.0,0.0
0.0,0.0,0.0,0.0,0.0,0.0,139.25240425531916,0.0,0.0
0.0,0.0,0.0,0.0,0.0,0.0,149.37632978723406,0.0,0.0
0.0,0.0,0.0,0.0,0.0,0.0,156.08324468085107,0.0,0.0
0.0,0.0,0.0,0.0,0.0,0.0,174.4286276595745,0.0,0.0
0.0,0.0,0.0,0.0,0.0,0.0,187.0229361702128,0.0,0.0
0.0,0.0,0.0,0.0,0.0,0.0,192.84337234042556,0.0,0.0
0.0,0.0,0.0,0.0,0.0,0.0,200.90913829787237,0.0,0.0
0.0,0.0,0.0,0.0,0.0,0.0,215.41759574468085,0.0,0.0
0.0,0.0,0.0,0.0,0.0,0.0,233.50693617021278,0.0,0.0
0.0,0.0,0.0,0.0,0.0,0.0,248.46262765957448,0.0,0.0
0.0,0.0,0.0,0.0,0.0,0.0,269.2042765957447,0.0,0.0
0.0,0.0,0.0,0.0,0.0,0.0,290.3987659574468,0.0,0.0
0.0,0.0,0.0,0.0,0.0,0.0,315.21062765957447,0.0,0.0
12808.334016129033,390.4885080645161,3704.5388387096773,152.51139516129032,0.0,1200.5436612903225,522.6101612903226,0.0,6689.743927419355
13103.992782258065,394.9380806451613,3575.2313467741933,166.18062903225808,0.0,1322.232241935484,567.7651612903226,0.0,6949.495879032258
13570.730596774194,388.5682741935484,3445.3344596774195,178.404314516129,0.0,1637.4132096774194,608.5595080645161,0.0,7178.739451612903
14552.960856000002,391.227832,3519.356352,193.06412,0.0,2169.7072239999998,656.456272,0.0,7521.495808000001
15278.153448000001,403.169968,3564.89048,212.00220000000002,0.0,2516.396392,707.327928,0.0,7862.275223999999
15689.599936507937,406.1576349206349,3453.705253968254,228.92381746031745,0.0,2556.748206349206,773.5529761904762,0.0,8239.83696031746
15946.531833333333,403.9517380952381,3280.112992063492,245.05245238095236,0.0,2689.371984126984,824.1729761904762,0.0,8453.66957936508
16721.56049206349,408.43680158730155,3217.637706349206,258.60400793650797,0.0,2805.642888888889,875.4194523809523,0.0,9085.824936507937
17591.68184126984,420.6634365079365,3248.567111111111,270.8745317460317,0.0,3167.3422698412696,961.0391190476191,0.0,9430.832944444446
17049.23175396825,421.0015793650793,3282.3275634920637,277.52992857142857,0.0,2979.393563492063,967.0672857142857,0.0,8928.81026190476
16756.25053174603,429.15601587301586,3073.035595238095,277.6448650793651,0.0,3259.687,914.0269047619048,0.0,8492.588976190476
17125.87298412698,444.9643174603175,3138.405238095238,294.16838888888884,0.0,2946.623293650794,995.3364365079366,0.0,9103.342238095238
17755.570753968255,458.1264047619047,3113.518206349206,303.8247301587301,0.0,3354.374682539683,1027.0969761904762,0.0,9244.014007936506
18197.735912698412,463.2836507936508,3137.9100000000003,316.5578095238095,0.0,3448.8413333333333,1031.8601904761904,0.0,9447.67030952381
19905.756722222224,484.8463571428572,3258.9334603174602,336.1877301587302,0.0,4731.135619047619,1074.0807857142856,0.0,9590.36726984127
19178.71977927928,281.8597027027027,1909.84818018018,192.40541441441442,0.0,2623.7296351351347,553.6515135135135,0.0,5288.42154054054
19134.488855855852,285.8066171171171,1838.683454954955,194.5287882882883,0.0,2500.7891486486487,515.5936126126127,0.0,5152.449067567567
18942.038945945944,288.9789414414414,1863.3331216216216,195.52402252252253,0.0,2530.6198738738735,487.74146396396395,0.0,5043.615675675675
18250.78511261261,297.9057162162162,1887.2302702702702,198.68654954954957,0.0,2459.2522207207207,478.7542522522523,0.0,4897.659914414414
18228.464018018018,310.8044144144144,1994.1740585585585,214.88598198198198,0.0,2644.6081891891895,487.3086036036037,0.0,4947.911094594595
20190.693888392856,321.24351339285715,2588.9857410714285,217.78002678571426,110.56266964285714,3232.6898526785712,476.04771875,58.48357589285714,5881.059504464285
20839.47364,323.4140088888889,2552.9587466666667,218.93188,111.84266666666666,3402.4343955555555,501.7930622222222,58.91197777777778,5997.359053333334
21515.56485777778,336.13713333333334,2557.6107866666666,230.40817777777775,115.36712888888889,3416.5731066666667,503.45398666666665,61.1438,6004.240568888889
22213.32431111111,346.19531555555557,2569.056146666667,241.16827555555554,117.39012444444445,3508.542382222222,528.23248,65.24001777777778,6006.3536488888885
22661.194364444444,349.51300444444445,2564.9404844444443,251.60734666666667,124.34407555555556,3645.9384977777777,538.6720088888889,70.34583111111111,6076.666426666667
22542.264826086957,337.76083043478263,2481.546195652174,254.14483478260868,164.36014347826085,3566.8848695652173,538.4521347826087,180.78548695652174,6099.688982608695
22436.840834782608,334.4709521739131,2390.932991304348,260.55735217391305,163.99299565217393,3675.103708695652,536.7439956521739,183.1840434782609,6098.898730434783
23100.153254237288,324.7876059322034,2228.334686440678,255.08656355932206,153.1423813559322,3931.1008347457628,533.829686440678,170.933593220339,5914.023355932204
23101.893648305082,326.3787584745763,2157.3154449152544,257.65809322033897,159.7536313559322,4039.8009830508477,535.2644788135593,160.22263983050846,5833.098148305085
23350.442400843884,326.24761603375526,2089.621430379747,258.1435654008439,167.67983544303797,4095.4027088607595,541.1022109704642,163.88067510548524,5965.844438818565
23386.571324894514,328.5362320675105,2018.4032953586498,267.19702109704644,176.5089029535865,4270.097042194093,549.259417721519,164.73800421940928,5960.725552742616
23189.195502109706,336.35625738396624,2037.248970464135,280.5501097046414,189.68276371308013,4121.720042194093,563.588088607595,168.41903797468353,6017.540599156118
23399.502523206753,335.7827130801688,1977.7767721518985,278.9158734177215,199.6182194092827,4139.135805907173,577.8311054852321,168.58276371308017,6030.273683544303
23773.001687763714,333.6655400843882,1907.0668565400842,284.0242953586498,215.64170886075948,4201.871025316455,593.7555485232068,171.01759493670886,6108.8267299578065
23523.112571428574,334.30983193277314,1833.4443151260502,290.8737058823529,236.11107983193276,4312.929298319327,576.7804285714286,167.2463445378151,6084.197735294118
28034.20884583333,342.7164208333333,1859.4149875,299.9986,614.6074708333333,4241.766258333333,599.3653958333333,932.2586833333334,5964.120633333334
29306.203745833333,348.1563125,1917.0593291666667,304.13684166666667,636.0499875,4291.4606125,597.41705,934.7209,6049.5734999999995
30062.005725,361.80802916666664,1906.6776041666667,313.1612375,679.0690875,4400.310254166668,586.87235,969.0121833333334,6114.302937500001
31224.113481327804,392.07272199170126,2016.277365145228,320.5644564315353,705.8024024896265,4581.774319502075,611.1561659751037,979.7651203319502,6173.097738589211
31570.166356846476,419.05819502074684,2013.9556390041494,332.80795850622405,725.6447717842324,4781.807145228216,645.1678672199171,978.0596929460581,6335.498107883817
32682.35509128631,450.2587385892116,1973.3767302904564,341.87449792531123,743.9459377593361,4874.399248962656,653.9306473029045,987.7166514522821,6409.569705394191
33020.22780912863,473.9088049792531,2033.8516846473028,350.73425311203323,762.8777510373444,4837.576107883817,658.1425145228216,1022.3967302904564,6367.02322406639
33255.89770539419,500.70902489626553,2070.3125560165977,365.02529045643155,771.800132780083,4754.905800829875,656.2323651452282,1050.900174273859,6341.6591576763485
31996.129033195022,507.5163485477178,2030.24965560166,373.746867219917,776.2237053941909,4705.373224066389,666.2709377593361,1046.6541950207468,6279.3447593361
31246.44417012448,499.7754937759336,1862.9627302904564,366.1124066390041,764.5003526970954,4515.80043153527,647.4785394190872,1043.4012946058092,6021.057983402489
31686.585651452282,522.7871452282158,1955.7082614107883,393.44523651452283,808.4717883817427,4816.732269709543,661.3755394190872,1036.524622406639,6057.8483319502075
30743.436730290457,547.9428921161826,1987.8043112033195,402.9584356846473,788.3067302904564,4789.321323651452,669.8014107883818,1034.0824107883818,6002.88822406639
30579.411746887967,550.0250373443984,1944.8103734439833,413.52735269709547,796.2835269709543,4845.202468879667,687.1279626556017,1021.9290373443984,5942.0621493775925
29801.182327800827,560.0846473029045,1925.6452780082986,420.32539004149373,780.859887966805,4802.254464730291,686.7052282157676,1008.9824605809129,5901.712273858921
29554.274647302904,559.5987883817427,1877.87867219917,423.1652904564315,787.684460580913,4722.312705394191,701.8800705394191,1024.639365145228,5778.856560165976
29966.209697095434,545.7780954356847,1795.0479958506223,432.94756016597506,802.3651493775933,4850.081443983403,724.2750788381743,1023.396755186722,5873.13720746888
30423.850398340248,537.7050539419088,1756.7584356846473,443.02951037344394,806.264531120332,4739.765174273858,729.845203319502,1032.9126804979253,5961.506684647303
15992.103065217392,565.5588,1839.4329434782608,477.2040130434783,876.0629173913043,5032.160834782609,664.3052608695651,1027.0109739130435,6243.793708695653
16080.333252173914,575.3407869565217,1838.9511608695652,502.39110000000005,877.8462826086956,5070.93806521739,680.3844869565218,838.9557913043478,6266.26772173913
15911.16293478261,571.9462956521738,1687.0986695652175,512.5104434782609,891.1546608695653,5127.256073913044,678.0851434782608,814.4328956521739,6182.252895652174
0.0,0.0,0.0,0.0,1138.3962676056337,0.0,0.0,298.1515211267606,0.0
0.0,0.0,0.0,0.0,976.9338529411764,0.0,0.0,398.9934411764706,0.0
