year,electricity_generation,gdp
1959.5,0.9352499999999999,31191969287.641792
1959.5,519.4257142857143,
1959.5,5.2249,11537712591.323944
1959.5,33.87297142857143,267971700942.97873
1999.5,0.16795,
1959.5,5.752299999999999,43857900873.14286
1999.5,0.27194999999999997,
1960.0,93.08847222222224,271476774395.62393
2005.5,6.36985,16455840911.36
2002.5,0.8684499999999999,
1992.0,5870.623828571429,
1960.0,202.82588888888893,285671068553.8461
1960.0,59.20911111111113,111226928902.5641
2000.0,20.72788888888889,69357438450.16216
1999.5,1.8489499999999999,
1959.5,21.3808,18647977836.93617
1960.0,28.556083333333333,158523357642.50748
1999.5,0.9544499999999999,4052375731.891892
2000.0,31.31558333333333,120867240364.97298
1960.0,78.09352777777778,148601798113.36752
1999.5,0.28204999999999997,
1999.5,0.14684999999999998,10995027123.891891
1999.5,0.6433000000000001,
1999.5,5.5285,
1960.0,6.598571428571428,11893866894.222221
2006.0,13.993285714285713,25991369646.08
1959.5,1.2849,8621738880.0
1960.0,386.65680555555554,574114555243.2136
1999.5,0.11989999999999998,
1959.5,3.42485,
1960.0,43.01444444444446,61435301063.111115
1999.5,0.66715,16255213180.54054
1959.5,0.1568,5136321782.447762
1992.0,1234.0813142857144,
1999.5,2.4513,20170968492.972973
1959.5,5.6373,24102787603.104477
1960.0,575.1247500000001,457920244460.3077
1998.0,,1633823082.3783784
1999.5,0.5548,
1999.5,0.14899999999999997,3458992543.135135
1992.0,31.646228571428576,
1999.5,0.16575,10924481798.918919
1960.0,45.46688888888888,77565422723.28206
1960.0,2804.1118055555553,3418000000000.0
1960.0,52.21497222222223,126460848900.37607
1999.5,0.052700000000000004,911806133.6216216
1959.5,1.3422,6549915605.014925
1999.5,0.030750000000000017,
2000.0,9.387571428571428,36480621983.13513
1958.0,,28575157951.044777
2005.0,11.840225806451611,70559794213.92592
1959.5,16.84985,34457640677.052635
1992.5,3.5886944444444446,14589820401.23077
1992.5,74.17880555555556,208319148936.17023
1958.0,,188023105433.6
1959.5,7.88705,41670874646.92538
1960.0,35.211416666666665,82778460566.97437
1999.5,0.21854999999999997,1689013884.5405405
1999.5,0.08610000000000001,551626918.054054
1999.5,14.138050000000002,66927354589.4054
1992.0,54.95825714285715,
1959.5,14.11334285714286,32687818173.264957
1959.5,94.36842857142857,272670608715.29413
1999.5,5.173750000000001,28408082072.216217
1999.5,0.7368999999999999,11062162162.162163
2006.5,0.30605000000000004,
2002.5,11.609888888888888,20356094528.0
1958.0,,4106371997.6119404
1999.5,6.4594000000000005,67581292281.08108
1959.5,3633.7149142857143,
1992.0,76.89562857142855,
1998.0,,
1998.0,,
1999.5,0.8623499999999998,
1992.5,67.75197222222222,128341264413.53847
1960.0,513.5619444444445,827692307692.3077
1999.5,0.8558999999999999,
1999.5,0.5944,
1959.5,1.8044499999999997,9597997012.059702
1999.5,0.22760000000000002,2475700677.189189
2005.5,9.025450000000001,28888912732.16
1960.0,584.610638888889,1235888888888.889
1959.5,9.2709,32602953539.764706
1999.5,0.15965,
1960.0,48.50494444444445,91251578363.62393
1959.5,0.42584999999999995,
1999.5,0.18285,
1999.5,1.56915,
1999.5,1.7364499999999996,
1959.5,9.32505,25985390258.14433
1999.5,1.1816499999999999,9679508106.378378
1999.5,0.03170000000000002,1601153753.945946
1999.5,0.8810500000000001,
1999.5,0.7295000000000001,15791876428.108109
1999.5,6.653150000000001,22960895197.405407
1992.0,32.07817142857142,175222253302.15384
1960.0,33.46261111111111,85428553341.2766
1992.0,10.236342857142859,7903050574.769231
1960.0,663.0309166666667,1198427350427.3503
1959.5,115.03422857142859,418262350061.38184
1960.0,156.33147222222223,420339162947.7647
1959.5,37.80957142857144,135081503853.17647
1960.0,22.8315,62293649054.35052
1959.5,41.480000000000004,96292090039.40298
1960.0,262.67272222222226,710244770058.9402
1999.5,5.0221,14497406823.783783
1960.0,971.375638888889,1494944422308.1025
1999.5,13.379650000000002,31717867270.91892
2000.0,76.67736111111111,197257881074.16217
1999.5,7.3583,70964141913.94595
1999.5,0.022650000000000003,
2009.5,3.2637,
1959.5,38.41408571428571,124192587156.8372
2005.5,14.096349999999997,16890542080.0
1999.5,11.814000000000002,13952147248.432432
2002.5,5.228111111111111,31953199552.0
1999.5,14.506449999999997,45796094256.432434
1999.5,0.4831499999999999,3654222602.3783784
1999.5,0.26705,1922824556.9729729
1959.5,26.396700000000003,80536088316.17911
2000.0,13.509138888888886,46424561497.945946
1992.5,1.7354166666666668,17272934459.076923
1999.5,1.15665,
1959.5,1.4890999999999996,12639381832.597015
1999.5,1.7338,11484269249.72973
1959.5,78.78414285714287,122056213792.62746
1999.5,0.338,
1999.5,1.6488500000000001,11375957524.756756
2000.0,2.0201904761904768,7026311257.945946
1999.5,1.4180499999999998,
1999.5,0.6942499999999999,5836266551.351352
1999.5,2.4511000000000003,15045242852.324324
1960.0,208.58172222222223,443068741907.6923
1992.0,18.10488571428571,
1959.5,612.4303714285714,
2005.5,5.4145,12596828733.44
1960.0,4.344047619047618,6945948262.686567
2009.5,2.12575,8635170364.235294
1999.5,0.019250000000000003,
1959.5,17.39777142857143,99990582791.52942
1959.5,14.972149999999996,9414233924.77612
1959.5,,58423060347.012985
2004.5,1.4752000000000003,13505522119.11111
1999.5,0.02720000000000001,
1959.5,3.2154,22026533330.82353
1960.0,94.38955555555556,235892002789.7436
1999.5,1.0807499999999999,
1999.5,2.17055,
1992.5,38.45188888888889,80995086434.46153
1999.5,3.503600000000001,14385349189.18919
1959.5,0.3218,7778556412.179105
1960.0,25.59390476190476,370752853656.8358
1999.5,0.003000000000000001,
1959.5,4668.567942857142,
1959.5,18.81475,30081531619.343285
2004.5,6.282833333333332,18658507776.0
1998.0,,
1960.0,124.57763888888887,91174833265.77777
1958.0,,
1959.5,13.870428571428572,35375571900.17911
1992.0,61.703571428571415,
1992.0,46.694228571428575,
1992.0,62.90045714285714,
1992.0,57.6281142857143,
1992.0,32.86591428571429,
1992.0,61.36634285714286,
1992.0,3.2426285714285714,
1960.0,79.70783333333333,285924805272.8358
2008.0,0.36,14513807952.842106
1999.5,7.558549999999999,31709125687.351353
1999.5,3.36295,
1999.5,54.3975,26918768750.7027
1960.0,27.42391666666667,60940804772.10256
1960.0,51.722750000000005,147766030010.18182
1960.0,150.04472222222225,303876968012.8
1960.0,41.392222222222216,79550294934.97437
1999.5,21.358099999999993,103126923084.10811
1959.5,17.123142857142863,80161629279.25581
1999.5,2.6927999999999996,
1960.0,61.04033333333333,105100029067.63637
1960.0,959.9743888888887,2127754385964.9124
1999.5,0.32835000000000003,8640837071.567568
1999.5,0.007500000000000002,
1999.5,0.16390000000000002,
1999.5,0.33235000000000003,1025697181.4054054
1999.5,0.04405000000000001,
1999.5,0.12645,
1999.5,0.11530000000000003,
1999.5,0.054799999999999995,333092730.3783784
1992.0,172.9850571428571,475016392576.0
1999.5,2.9322500000000002,20060107969.72973
2006.0,25.202809523809524,82657704366.08
1999.5,0.3111999999999999,1302153219.4594595
1999.5,0.15309999999999996,5982989498.810811
1992.5,32.149833333333326,111463441348.92308
1992.5,27.19019444444445,91170920800.0
2005.0,14.673322580645161,45221013807.40741
1999.5,0.08155,
1999.5,0.3026999999999999,
1992.0,875.0778285714287,
1960.0,207.30208333333326,290739381217.43286
1960.0,321.32472222222225,403840217985.3196
2009.0,0.19454999999999997,
1960.0,226.96930555555554,425330099698.87177
1992.0,7.654342857142857,78412050914.46153
1999.5,8.099300000000001,74978746132.75676
1959.5,1.6856000000000002,
1960.0,150.70002777777776,134642458427.07692
1992.5,62.60997222222222,267307692307.69232
1993.5,28.244500000000006,64550931435.10204
1960.0,176.73505555555553,220216335170.99066
2006.0,16.843571428571426,15575620096.0
1959.5,4.7312,40518014800.23881
1960.0,107.44613888888888,289760825205.02856
2009.5,,
1999.5,0.22875000000000006,6294197905.2972975
1999.5,0.047050000000000015,
1992.0,6.048542857142858,18257977718.153847
1960.0,15.229666666666668,44766317127.52941
1960.0,148.98933333333335,375775860838.4
1999.5,13.937714285714284,38797899817.51351
1999.5,0.16760000000000003,
1980.5,,
1999.5,2.6798,32443112198.91892
1960.0,196.70247222222218,409394736842.1053
1992.0,57.43897142857143,416250000000.0
1960.0,347.9934444444445,901794871794.8718
1960.0,3729.6629722222224,5307991452991.453
1998.0,,
1999.5,0.8074499999999999,
2000.0,10.568095238095237,38440921420.10811
1999.5,49.80285714285713,121537112243.89189
1999.5,0.05365000000000001,
1959.5,87.40117142857143,98489111228.17094
1960.0,69.62194444444444,134589963971.76471
1992.0,40.37465714285715,
1999.5,0.043,
1994.5,5.075950000000001,47271711112.17021
1958.0,,
1959.5,11.094,14512063021.850746
1959.5,8.2948,21742451780.77612
