Energy per Capita,Coal Production,Coal Production Per Capita,Gas Production,Gas Production Per Capita,Oil Production,Oil Production Per Capita
0.0,112.15432258064514,2224.5156666666667,1.587956989247312,19.92244086021505,3.683483870967742,57.14398924731182
0.0,113.96476344086021,1931.0000215053765,1.759741935483871,11.099526881720431,4.090139784946237,48.12575268817204
0.0,116.66367741935484,1952.957956989247,1.93152688172043,11.9642688172043,4.671150537634409,49.8628817204301
0.0,127.44093548387099,2053.257021505376,2.103290322580645,12.782612903225806,5.108817204301075,53.56658064516129
0.0,127.79519354838712,2034.1159677419353,2.2750752688172042,13.56310752688172,5.828666666666667,59.90127956989248
0.0,137.98318279569895,2103.8491290322586,2.4468602150537633,14.305021505376343,6.079881720430107,59.381236559139786
0.0,144.8858064516129,2231.560419354839,2.6186236559139786,15.010365591397848,5.960956989247311,62.008053763440856
0.0,160.22715053763443,2379.8853333333336,2.7904086021505377,15.70489247311828,7.562118279569893,76.36409677419354
0.0,151.55223655913977,2330.6742795698924,2.9621935483870967,16.344752688172044,8.254806451612904,84.3222258064516
0.0,158.76598924731186,2323.135849462366,3.133956989247312,16.965655913978495,8.627086021505376,89.80033333333334
0.0,167.54131182795695,2879.3313548387096,3.389010752688172,40.50883870967742,9.479827956989247,129.16050537634408
0.0,169.96206451612906,2405.2387849462357,3.569139784946236,23.94730107526882,10.158774193548387,106.16859139784947
0.0,178.51011827956992,2516.526387096774,3.7492903225806447,24.510021505376347,10.334698924731182,110.73761290322578
0.0,191.2691505376344,2632.4464086021508,3.9294193548387093,25.021419354838713,11.540720430107525,125.29905376344088
0.0,170.784688172043,2336.5508602150544,4.109548387096774,25.539344086021508,11.925387096774193,122.07588172043012
0.0,168.14143010752687,2246.3973010752684,4.289698924731183,26.12389247311828,12.826139784946236,137.73618279569894
0.0,180.52735483870967,2296.7954946236555,4.469827956989247,26.76179569892473,13.763290322580644,145.9294623655914
0.0,188.0326559139785,2122.817688172043,4.649967741935484,27.403193548387094,15.510451612903223,171.19743010752688
0.0,185.4781505376344,2090.967935483871,4.830107526881721,28.064698924731182,16.01163440860215,179.10408602150537
0.0,156.0510967741936,1845.6647526881723,5.010236559139785,28.67121505376344,18.231086021505376,213.86451612903227
0.0,180.31268817204298,2654.907913978495,5.1903763440860216,51.759516129032264,23.697591397849465,418.5815268817204
0.0,149.5125913978495,1894.3495913978497,5.370516129032258,29.58934408602151,25.69367741935484,368.1153118279571
0.0,157.9287311827957,1998.4607849462366,5.71294623655914,34.39552688172043,28.617709677419356,381.3559462365592
0.0,184.57753763440854,2190.270419354839,6.686387096774194,39.36564516129032,33.884849462365594,375.4114946236559
0.0,178.79051612903226,2172.5798924731184,7.659860215053763,44.16056989247312,33.48516129032258,372.1689784946236
0.0,179.16565591397853,2151.4666236559137,8.633301075268816,48.82362365591398,34.79363440860215,360.0844301075269
0.0,177.80012903225807,2113.075849462365,9.606752688172042,53.390129032258066,35.17416129032258,360.79387096774195
0.0,191.35966666666675,2333.7267741935484,10.580225806451613,57.84750537634409,39.623064516129034,376.34480645161295
0.0,187.55663440860215,2294.5270860215055,11.553645161290323,62.213354838709684,40.51368817204301,394.85516129032254
0.0,199.66972043010753,2365.6540860215055,12.159150537634408,68.19569892473118,45.04238709677419,418.1744623655914
0.0,181.26937634408603,2581.728107526882,12.737086021505377,117.74868817204302,42.07425806451613,525.1259247311829
0.0,158.6093978494623,1963.983483870968,13.315032258064514,75.23109677419355,40.45781720430108,402.7481505376345
0.0,139.55092473118282,1768.1230215053763,13.89298924731183,78.78063440860215,38.38189247311828,1102.1482150537634
0.0,145.25539784946238,1844.4820215053767,14.47094623655914,82.308,42.432677419354846,1536.2657956989246
0.0,157.5999892473118,1974.260430107527,15.048913978494623,85.78250537634409,44.30610752688172,1981.5126236559147
0.0,163.33355913978497,2033.9360322580646,15.626827956989247,89.18421505376344,48.7347311827957,2485.1690215053763
0.0,179.1986129032258,2154.239021505376,16.20478494623656,92.53165591397848,53.257795698924724,3090.729247311828
0.0,188.64369892473115,2285.448172043011,17.19690322580645,379.9389569892473,60.78867741935483,4024.8927526881716
0.0,173.97795698924733,2222.033623655914,18.40815053763441,114.10327956989249,58.73626881720431,4532.542010752688
0.0,183.18802150537635,2278.196043010753,19.7427311827957,118.37072043010751,61.06496774193549,4628.336849462365
0.0,201.6444946236559,2792.315634408603,21.07736559139785,192.4782043010753,63.29498924731183,4938.712118279571
0.0,209.32654838709672,2508.617892473118,22.411978494623654,126.57502150537633,64.7327741935484,3771.6149462365606
0.0,217.63389247311827,2515.649612903226,23.746569892473115,130.3459569892473,62.781924731182805,2899.809376344086
0.0,221.85487096774193,2549.092903225807,25.081161290322576,133.8549677419355,67.81945161290324,3628.1465698924726
0.0,214.1403010752688,2299.9570752688173,26.415774193548387,137.21969892473118,76.93313978494623,4291.007290322581
0.0,170.80582795698925,1804.3857096774193,27.750376344086025,140.51979569892472,78.31259139784946,2655.3338279569894
0.0,185.43913978494626,2083.380688172043,29.24162365591398,242.937376344086,82.780311827957,3407.3113548387096
0.0,208.2152580645161,2257.859516129032,32.30335483870967,240.7134193548387,90.7390752688172,9173.969838709676
0.0,213.84159139784947,2394.3068064516124,36.56409677419355,297.6493978494624,102.76402150537635,15520.188559139779
0.0,199.0178494623656,2393.5963225806445,39.05593548387097,205.5321612903226,102.1437311827957,22498.99719354839
0.0,217.12951612903223,2859.5317956989247,44.718709677419355,353.05152688172046,115.34897849462364,35528.09639784947
0.0,227.6120860215054,2987.1419139784957,53.15011827956989,543.7727634408603,132.12141935483874,48037.42846236559
0.0,223.73093548387095,2993.1127096774203,57.29195698924731,554.7446989247312,140.74974193548388,57084.23194623654
0.0,223.46202150537638,2977.983913978494,60.483763440860216,593.7381612903225,150.98252688172042,61704.664172043005
0.0,217.6575698924731,2945.0227741935487,63.35870967741935,625.7009139784946,157.7615591397849,65107.31817204302
0.0,235.72998924731195,3100.4716451612903,68.85569892473117,680.4586344086022,176.3042043010753,70374.98808602149
0.0,247.6437849462365,3156.879838709678,74.37150537634409,713.9356344086021,189.03393548387095,69197.49980645163
0.0,251.57262365591396,3176.283462365592,80.08997849462367,736.1435806451614,194.9169569892473,70005.2287419355
0.0,249.96901075268815,3155.7150967741936,85.20119354838708,784.1715053763442,203.06945161290318,77396.45431182797
0.0,255.64749462365583,3079.7863978494624,94.75176344086022,1084.3075483870969,217.7339139784946,72473.43408602153
0.0,262.3981397849461,3077.752204301074,102.37864516129032,1600.6763225806453,236.01776344086022,72493.48076344086
0.0,252.91989247311818,3129.5041827956998,108.67927956989249,1616.3733978494627,251.13426881720426,67035.9917204301
0.0,259.00806451612914,3141.901451612904,117.86146236559142,1805.1486344086022,272.09894623655913,66502.87268817205
0.0,267.47625806451606,3211.898311827957,127.9368817204301,2090.6406451612906,293.52133333333336,63900.40692473118
0.0,278.30650537634415,3280.210107526882,138.6567634408602,2099.964870967742,318.59998924731184,65202.50304301075
12807.182495934963,33.06540650406504,420.3492357723577,12.136422764227644,88.92661788617886,378.87946341463413,61440.72282113821
13101.785593495933,33.6349918699187,457.9771219512196,13.562333333333333,98.98951219512196,411.69273983739834,65909.92425203252
13570.522447154475,34.10951219512195,462.8677154471545,14.906520325203251,108.34255284552846,441.1170243902439,66166.7808699187
14556.381749999993,34.29039516129031,431.5251290322581,16.068379032258065,114.55750806451613,475.19851612903227,70682.12198387097
15282.206524193547,35.274395161290336,442.8039919354838,17.446540322580645,122.88452419354839,512.2269758064516,72435.90321774191
15692.003800000002,35.89164,478.344272,175.72209599999994,3049.1698800000004,560.6266079999999,72805.83773599999
15948.532704000001,36.92349600000001,463.71210400000007,188.25843200000003,3366.6547120000005,599.1366719999999,74915.18726399998
16725.55728,35.22224800000001,456.994264,197.79226399999996,3741.2543999999994,637.6210799999999,74982.94712000001
17597.827536,35.887648,478.6700879999999,208.23240799999996,5064.961864,701.6007920000002,77815.32392000001
17052.883167999997,36.826712,479.81357599999996,214.53228,6032.943031999999,707.0817119999999,68089.43436000001
16759.315264,37.796432,493.08380000000005,217.82819199999997,6874.033847999998,667.0504480000002,57740.591488
17127.315487999997,38.531792,512.00004,228.788048,7228.783847999999,727.022448,60361.679544
17759.565592000003,39.068488,520.288016,246.817216,8127.725439999999,749.3877360000001,55588.326415999996
18202.920992,39.361864000000004,529.523368,249.1428,8229.987208,751.5908639999999,52892.787544
19922.226071999998,39.144383999999995,533.266184,268.538024,9761.811136,781.9380799999997,53288.837960000004
19186.70826696833,4.082140271493213,202.86247058823528,132.51511312217195,5202.8004524886865,393.75298190045254,25260.515194570136
19144.011104072393,198.05136651583706,1565.2825701357463,135.4517511312217,4884.828823529412,364.8821266968326,19971.766303167416
18952.493977375565,205.04372850678735,1624.466877828054,136.1905339366516,4968.864579185522,342.95723529411765,16464.56049321267
18258.22994570136,204.5525972850679,1614.6677511312214,138.13408597285067,4911.154778280544,335.80588687782796,15423.801117647059
18233.592271493213,213.46553846153856,1649.2192488687779,150.38450226244342,5089.527886877827,341.55414932126695,15110.828294117648
20203.94639461883,221.8325650224215,2090.7019103139014,153.38436322869956,6437.923811659191,332.8327174887891,14338.511973094166
20855.290049107134,225.98136160714287,2122.9056473214287,156.8533080357143,6497.6571651785725,352.1846339285713,14915.469848214283
21533.159049107147,230.12138392857142,2139.854727678571,165.15490178571426,6421.818040178572,353.50225892857134,13924.816973214283
22232.506700892853,235.76840624999994,2155.0195089285717,172.73278125000004,6497.1487053571445,371.88634821428576,14684.75667857143
22682.25755357143,239.59439285714288,2120.7060089285715,179.02714285714288,6553.643674107143,380.45629910714285,15403.819263392856
22661.73767105263,234.88884649122807,2005.8998508771929,181.05365789473686,6189.286017543859,382.3545394736841,15247.41375
22556.10680701756,228.34377192982453,1931.440355263158,183.75537719298248,6192.963688596492,381.06528070175426,14620.069035087716
23123.814944680842,220.45158297872342,1900.6159829787239,179.3991063829788,5854.568676595743,378.2389489361701,16006.95314042553
23126.15669361703,212.4615106382979,1809.714472340425,181.59589361702132,6096.426042553193,379.9042680851064,16683.829655319154
23375.78748728813,216.2776144067796,1760.5319533898307,183.5170720338983,5892.339961864406,384.25038559322013,17066.782572033902
23411.59019915254,222.67641525423727,1736.8125084745761,187.2433559322034,6266.614944915254,390.25795762711874,17162.132122881358
23212.258923728816,225.77132203389826,1735.7621906779655,196.4105169491525,6460.913851694914,400.3504067796611,17712.03072457627
23423.772987288154,229.2045423728813,1793.6040381355933,197.66528813559327,6660.36150423729,410.95957627118634,18164.2276059322
23799.390487288136,225.19547457627127,1768.113872881356,203.28403389830507,6674.735855932204,422.671156779661,18000.741771186436
23547.984704641338,224.24144725738395,1710.6630084388185,208.46705063291137,7179.916620253165,410.26303375527436,17335.890421940927
28076.873715481186,225.77639748953973,1736.3067907949794,215.33496234309627,7745.9659288702915,426.7091338912134,17915.059430962352
29354.40163598328,235.28410878661091,1787.1519330543929,220.52197489539753,7994.766682008368,424.79005857740566,17592.159782426774
30112.69062761507,238.0536276150627,1755.808740585774,225.87837656903764,8286.219205020921,416.3367782426778,16661.642276150626
31277.71995416666,254.3760791666667,1790.5300166666664,233.1977583333333,8703.647933333334,433.7979499999999,17423.08200833333
31622.490587500026,276.31947916666667,1834.6657375000004,241.28190833333338,9081.7026625,458.96270416666636,17882.21395
32737.66456249998,293.58274166666683,1855.1547166666667,248.42217916666675,9265.847091666668,466.1518416666667,17422.318337500004
33075.65820416667,308.49573749999996,1907.7184166666657,257.1977916666667,9358.28295,468.6607333333334,16847.03052083333
33310.81282083332,321.5634291666668,1910.4837583333326,263.79752083333335,9435.292895833332,467.19852916666673,15567.690362500001
32045.871858333332,332.0994666666666,1945.96685,273.84624999999994,9544.811995833332,475.27476250000024,15036.79189583333
31295.329116666642,331.9374250000001,1903.5645958333325,266.8661416666667,9071.030595833336,461.26505,13576.47323333333
31734.425745833327,350.4732791666667,2052.7543458333334,286.7554708333335,9765.23834583333,471.4164708333334,13256.377816666665
30786.33615416666,375.9603166666667,2137.635045833333,298.08182499999987,10051.069008333337,478.37805,12744.816208333332
30621.556129166685,380.23721249999994,2157.210533333333,305.3945124999999,10162.73215833333,490.3636625,12923.682299999999
29839.49304166667,386.95315833333336,2166.789837499999,308.6199791666667,9996.016437499999,489.5215833333334,12079.853466666666
29591.864708333327,385.5828374999999,2091.4325875000004,315.1683750000001,9867.818954166665,500.12061666666676,11563.182054166671
30005.88022499999,375.45183749999995,2028.6493458333332,322.7085041666666,9868.177045833332,516.2168125000002,11337.835524999999
30465.23746250003,356.10256666666646,2032.9082708333328,327.48504166666663,9515.004245833332,521.0385708333332,11122.903654166668
15971.873117903937,380.4386506550218,2048.413502183406,319.45032314410486,9815.601890829696,444.4408296943232,11148.161331877734
16058.95827510917,399.45073362445413,2095.7258034934493,335.56372489082986,9928.933004366814,455.21306550218327,11027.25362882096
15888.821222707424,405.7660174672488,2065.3522882096067,347.0371266375547,9975.301235807863,453.66636244541473,10776.310410480348
0.0,0.0,0.0,0.0,0.0,0.0,0.0
