Renewable Electricity,Renewable Energy,Solar Energy,Wind Energy,Nuclear Energy,Low Carbon Energy,GDP
0.12374166666666668,0.0,0.0,0.0,0.0,0.0,17415516185.6
26.60008333333333,116.31652499999997,0.8151833333333334,1.5801916666666667,10.7406,127.05713333333333,0.0
0.8629916666666666,0.0,0.0,0.0,0.0,0.0,6826479949.866667
0.08786666666666666,18.743191666666675,1.0818083333333335,0.03974166666666666,0.0,18.743191666666675,104955582869.33333
0.0,0.0,0.0,0.0,0.0,0.0,0.0
0.6538666666666665,0.0,0.0,0.0,0.0,0.0,15350265305.6
0.001175,0.0,0.0,0.0,0.0,0.0,0.0
8.745710743801652,823.5377024793387,0.4581074380165289,4.922140495867768,169.53359504132234,993.0713388429751,262502335572.6281
1.4235,0.0,0.0,0.0,0.0,0.0,14692715099.428572
0.04311764705882353,0.0,0.0,0.0,0.0,0.0,0.0
636.7092181818182,0.0,0.0,0.0,0.0,0.0,0.0
6.993396694214876,1332.2722066115703,58.45672727272727,114.91428925619836,0.0,1332.2722066115703,276227396866.1157
12.471280991735537,5369.378132231405,19.775289256198345,133.03122314049585,0.0,5369.378132231405,107550005633.05785
1.6333658536585367,505.8522195121951,1.0089756097560978,1.6590243902439026,0.0,505.8522195121951,62590859089.17073
0.00042500000000000003,0.0,0.0,0.0,0.0,0.0,0.0
0.0005416666666666666,0.0,0.0,0.0,0.0,0.0,7303791319.466666
0.2695785123966942,6.8413553719008275,0.2583388429752066,0.008578512396694214,0.0,6.8413553719008275,87777396380.56198
0.004325000000000001,0.0,0.0,0.0,0.0,0.0,3748447552.0
0.15670731707317073,27.707756097560978,2.3396829268292683,2.8960975609756097,0.0,27.707756097560978,109075314475.70732
1.5310165289256197,361.25666115702484,49.65298347107438,96.76088429752069,3537.0643966942157,3898.321024793388,143689341977.38843
0.12497500000000002,0.0,0.0,0.0,0.0,0.0,0.0
0.0017500000000000005,0.0,0.0,0.0,0.0,0.0,10170400089.6
0.0,0.0,0.0,0.0,0.0,0.0,0.0
2.763925,0.0,0.0,0.0,0.0,0.0,0.0
0.42281818181818176,0.0,0.0,0.0,0.0,0.0,11500681211.768595
3.957827586206897,0.0,0.0,0.0,0.0,0.0,22406353143.172413
0.0002416666666666667,0.0,0.0,0.0,0.0,0.0,4813804208.0
99.34973553719009,1897.6853801652892,0.978404958677686,23.415363636363637,35.128735537190074,1932.8141570247938,555135561681.4546
0.000375,0.0,0.0,0.0,0.0,0.0,0.0
0.000125,0.0,0.0,0.0,0.0,0.0,0.0
1.1708512396694215,522.8255537190083,31.680677685950414,37.517223140495865,1760.6509504132234,2283.476479338842,45695678476.694214
0.05737500000000001,0.0,0.0,0.0,0.0,0.0,15036072192.0
0.022408333333333332,0.0,0.0,0.0,0.0,0.0,2867779661.866667
137.41065454545452,0.0,0.0,0.0,0.0,0.0,0.0
0.5089,0.0,0.0,0.0,0.0,0.0,18658145856.0
0.6987416666666667,0.0,0.0,0.0,0.0,0.0,13457389745.066668
108.01860330578512,13024.97334710744,13.505041322314051,134.9039256198347,2533.9386942148763,15558.91199173554,442782385139.3058
0.0,0.0,0.0,0.0,0.0,0.0,1633823082.3783784
0.00125,0.0,0.0,0.0,0.0,0.0,0.0
0.06634999999999999,0.0,0.0,0.0,0.0,0.0,3199568102.4
13.518309090909092,0.0,0.0,0.0,0.0,0.0,0.0
0.0009,0.0,0.0,0.0,0.0,0.0,10105145664.0
6.870454545454547,1380.0798512396698,21.82010743801653,22.890669421487605,0.0,1380.0798512396698,75001276517.55373
179.947479338843,332.10667768595044,9.621619834710742,30.754785123966943,35.50061157024793,367.6072975206611,2288082644628.099
11.417528925619832,881.5855702479339,0.07283471074380166,0.38643801652892557,0.0,881.5855702479339,122280324969.78513
0.0015500000000000002,0.0,0.0,0.0,0.0,0.0,843420673.6
0.11181666666666666,0.0,0.0,0.0,0.0,0.0,3657036212.8
0.00095,0.0,0.0,0.0,0.0,0.0,0.0
4.617,0.0,0.0,0.0,0.0,0.0,32921536911.609756
0.0,0.0,0.0,0.0,0.0,0.0,16363551989.05983
6.756612903225806,3929.972419354838,7.782483870967742,151.86670967741938,0.0,3929.972419354838,61455304637.935486
0.1253,0.0,0.0,0.0,0.0,0.0,32734758643.2
0.07057142857142858,133.29114285714286,39.47523214285714,72.41632142857144,0.0,133.29114285714286,13547690372.571428
2.7767857142857144,820.3882857142856,86.9922142857143,24.96516071428572,3121.2013749999996,3941.5897500000005,174839285714.2857
0.0,0.0,0.0,0.0,0.0,0.0,144633158025.84616
1.3111416666666666,0.0,0.0,0.0,0.0,0.0,23266238344.533333
2.558818181818182,1115.8371735537191,19.174347107438017,767.0212231404959,0.0,1115.8371735537191,80041982531.70248
5e-05,0.0,0.0,0.0,0.0,0.0,1562337843.2
0.014049999999999998,0.0,0.0,0.0,0.0,0.0,510254899.2
0.8494250000000001,0.0,0.0,0.0,0.0,0.0,61907802995.2
26.208090909090902,0.0,0.0,0.0,0.0,0.0,0.0
2.6195333333333335,548.2831333333335,0.4140666666666667,0.7315333333333334,0.0,548.2831333333335,31870622718.933334
3.8197916666666663,216.63360000000006,1.3140333333333334,5.764300000000001,0.0,216.63360000000006,154513344938.66666
1.5708750000000002,0.0,0.0,0.0,0.0,0.0,26277475916.8
0.09625,0.0,0.0,0.0,0.0,0.0,10232500000.0
0.006230769230769231,0.0,0.0,0.0,0.0,0.0,0.0
0.5221666666666667,906.9213333333333,6.657638888888888,326.48158333333333,0.0,906.9213333333333,18094306247.11111
0.0,0.0,0.0,0.0,0.0,0.0,2351512169.5726495
3.19895,0.0,0.0,0.0,0.0,0.0,62512695360.0
231.92302500000002,1143.4928083333334,28.3486,106.90399166666667,1155.4077416666669,2298.900558333333,0.0
19.67647272727273,0.0,0.0,0.0,0.0,0.0,0.0
0.0,0.0,0.0,0.0,0.0,0.0,0.0
0.0,0.0,0.0,0.0,0.0,0.0,0.0
0.26774999999999993,0.0,0.0,0.0,0.0,0.0,0.0
14.406857142857143,9424.489928571431,3.4078928571428575,218.9412678571429,7866.252196428572,17290.74216071428,119174031241.14285
22.60966115702479,1532.8115206611576,20.722247933884297,72.56051239669422,5316.247512396694,6849.059066115703,800330578512.3967
0.2909,0.0,0.0,0.0,0.0,0.0,0.0
0.09632500000000001,0.0,0.0,0.0,0.0,0.0,0.0
0.14826666666666666,0.0,0.0,0.0,0.0,0.0,5358881665.066667
0.001,0.0,0.0,0.0,0.0,0.0,2290023126.4
5.336,0.0,0.0,0.0,0.0,0.0,25793672082.285713
24.619008264462806,872.8084876033058,90.07649586776859,266.3379917355372,1528.7050165289256,2401.5134628099177,1195033057851.2397
1.0252500000000002,0.0,0.0,0.0,0.0,0.0,18475007005.866665
0.0,0.0,0.0,0.0,0.0,0.0,0.0
2.056446280991735,586.0658099173554,57.90380991735537,119.34649586776861,0.0,586.0658099173554,88234997260.69421
0.047625,0.0,0.0,0.0,0.0,0.0,0.0
0.0007999999999999998,0.0,0.0,0.0,0.0,0.0,0.0
0.10095000000000001,0.0,0.0,0.0,0.0,0.0,0.0
0.007475000000000001,0.0,0.0,0.0,0.0,0.0,0.0
0.9355333333333332,0.0,0.0,0.0,0.0,0.0,21004857125.333332
0.3004,0.0,0.0,0.0,0.0,0.0,8953544998.4
0.000175,0.0,0.0,0.0,0.0,0.0,1481067222.4
0.0167,0.0,0.0,0.0,0.0,0.0,0.0
0.09640000000000001,0.0,0.0,0.0,0.0,0.0,14607485696.0
1.6384999999999998,0.0,0.0,0.0,0.0,0.0,21238828057.6
0.012054545454545453,6.37529090909091,0.05498181818181819,0.09721818181818183,0.0,6.37529090909091,165664675849.30908
0.4401818181818182,108.99266115702478,6.022231404958678,16.035512396694216,1080.290140495868,1189.2827685950413,66365983587.43802
6.5112,66776.16156363636,0.0,7.311381818181816,0.0,66776.16156363636,7471975088.872727
36.396057851239675,107.73855371900827,2.0571404958677686,7.593768595041323,12.9272479338843,120.665826446281,1158809917355.3718
5.065441666666667,68.904375,0.012233333333333334,0.031141666666666668,0.0,68.904375,383407154222.93335
3.248438016528926,169.369785123967,0.10046280991735536,0.9786776859504133,10.497090909090911,179.86688429752076,236223661821.8843
1.0253833333333333,146.75533333333337,0.22462500000000002,0.0,0.0,146.75533333333337,76546185516.8
0.9796115702479339,619.9420247933886,0.27048760330578514,328.4572479338843,0.0,619.9420247933886,49937883952.661156
0.10456666666666665,32.67510833333333,26.807116666666666,0.9843499999999998,0.0,32.67510833333333,53763083605.333336
19.418165289256198,1237.4389752066118,66.77541322314049,62.74624793388429,37.30423966942149,1274.743231404959,686765604106.5785
0.140475,0.0,0.0,0.0,0.0,0.0,13410101312.0
39.367702479338845,1018.2250661157025,55.827975206611576,12.082504132231405,1413.6128512396695,2431.8378842975203,1445524771983.8677
0.206625,0.0,0.0,0.0,0.0,0.0,29339027225.6
6.990536585365854,1111.0891951219512,2.199853658536585,5.518243902439025,10.49648780487805,1121.5856829268293,178013209749.85367
2.8037750000000004,0.0,0.0,0.0,0.0,0.0,65641831270.4
0.0007250000000000002,0.0,0.0,0.0,0.0,0.0,0.0
0.10165000000000002,0.0,0.0,0.0,0.0,0.0,0.0
0.0031833333333333336,1.8478416666666666,1.5842166666666666,0.2636333333333333,0.0,1.8478416666666666,44502343731.2
8.968642857142857,0.0,0.0,0.0,0.0,0.0,15080841142.857143
4.768700000000001,0.0,0.0,0.0,0.0,0.0,12905736204.8
3.226166666666667,3657.5817777777784,0.10955555555555556,53.07216666666667,0.0,3657.5817777777784,28402844046.22222
0.336475,0.0,0.0,0.0,0.0,0.0,42361387187.2
0.24157499999999996,0.0,0.0,0.0,0.0,0.0,3380155907.2
0.00027499999999999996,0.0,0.0,0.0,0.0,0.0,1778612715.2
0.0006250000000000001,0.0,0.0,0.0,0.0,0.0,44965982643.2
0.7268048780487805,557.8877073170731,10.58431707317073,186.64560975609754,5742.289024390243,6300.176731707316,41895335985.95122
0.15605357142857137,996.3814821428575,74.30464285714285,151.20299999999997,0.0,996.3814821428575,16039153426.285715
0.0,0.0,0.0,0.0,0.0,0.0,0.0
0.12429166666666668,0.0,0.0,0.0,0.0,0.0,7056988189.866667
0.779625,0.0,0.0,0.0,0.0,0.0,10622949056.0
2.6239,317.7760083333333,1.7207916666666667,0.0,0.0,317.7760083333333,103747781723.73334
0.0006500000000000002,0.0,0.0,0.0,0.0,0.0,0.0
0.4369250000000001,0.0,0.0,0.0,0.0,0.0,10522760710.4
0.02814634146341464,0.0,0.0,0.0,0.0,0.0,6340817476.682927
0.014925000000000003,0.0,0.0,0.0,0.0,0.0,0.0
0.078875,0.0,0.0,0.0,0.0,0.0,5398546560.0
0.291025,0.0,0.0,0.0,0.0,0.0,13916849638.4
11.298495867768594,412.9192975206612,2.912677685950413,13.303867768595042,55.43038016528924,468.34966942148765,428421841348.7603
9.145236363636364,0.0,0.0,0.0,0.0,0.0,0.0
5.464699999999999,0.0,0.0,0.0,0.0,0.0,0.0
0.24414285714285708,0.0,0.0,0.0,0.0,0.0,11247168512.0
0.023892561983471075,0.0,0.0,0.0,0.0,0.0,3846103583.4710746
1.2661,0.0,0.0,0.0,0.0,0.0,7339894809.6
0.0,0.0,0.0,0.0,0.0,0.0,0.0
0.6239166666666667,82.28874166666667,1.9280499999999998,14.922500000000001,0.0,82.28874166666667,56661330248.53333
2.3657250000000003,0.0,0.0,0.0,0.0,0.0,5256280608.0
0.0,0.0,0.0,0.0,0.0,0.0,37488130389.333336
0.9563666666666667,0.0,0.0,0.0,0.0,0.0,12154969907.2
0.0,0.0,0.0,0.0,0.0,0.0,0.0
0.534225,0.0,0.0,0.0,0.0,0.0,12481702220.8
2.1525619834710747,335.8200578512396,19.194099173553717,126.40419008264462,257.5694132231406,593.3895041322314,228093920052.89255
0.066125,0.0,0.0,0.0,0.0,0.0,0.0
0.19119999999999998,0.0,0.0,0.0,0.0,0.0,0.0
18.650714285714287,17755.503357142854,4.229982142857143,272.1388928571428,0.0,17755.503357142854,75209723117.71428
0.73255,0.0,0.0,0.0,0.0,0.0,13306448000.0
0.0005916666666666668,0.0,0.0,0.0,0.0,0.0,4343027330.133333
1.1223636363636365,0.0,0.0,0.0,0.0,0.0,205292902438.08264
0.0,0.0,0.0,0.0,0.0,0.0,0.0
239.78365000000005,3111.518066666667,28.714541666666666,154.1958833333333,2363.7418750000006,5475.2599500000015,0.0
2.0594083333333333,0.0,0.0,0.0,0.0,0.0,16795521820.8
1.2198000000000002,1572.4961666666668,5.7753,24.519533333333335,0.0,1572.4961666666668,16792656998.4
0.0,0.0,0.0,0.0,0.0,0.0,0.0
36.619842975206616,29154.694446280995,1.5671652892561985,119.57873553719008,0.0,29154.694446280995,88160789190.87604
0.0,0.0,0.0,0.0,0.0,0.0,0.0
0.00018333333333333336,0.09709166666666666,0.09709166666666666,0.0,0.0,0.09709166666666666,19751360977.6
20.27689090909091,0.0,0.0,0.0,0.0,0.0,0.0
18.9276,0.0,0.0,0.0,0.0,0.0,0.0
2.213563636363636,0.0,0.0,0.0,0.0,0.0,0.0
2.3271454545454544,0.0,0.0,0.0,0.0,0.0,0.0
0.0,0.0,0.0,0.0,0.0,0.0,0.0
35.54005454545455,0.0,0.0,0.0,0.0,0.0,0.0
1.2092545454545454,0.0,0.0,0.0,0.0,0.0,0.0
8.05593388429752,167.3363719008265,0.4573553719008265,1.3205454545454542,11.31590909090909,178.65228099173558,158321999613.8843
4.347826086956522e-05,0.0,0.0,0.0,0.0,0.0,11989667439.304348
2.456699999999999,0.0,0.0,0.0,0.0,0.0,29330941260.8
0.529025,0.0,0.0,0.0,0.0,0.0,0.0
27.196399999999993,0.0,0.0,0.0,0.0,0.0,24899861094.4
5.424231404958679,669.6986363636364,1.7896280991735538,4.017214876033058,0.0,669.6986363636364,58926232713.52066
4.974462809917355,196.03619834710742,0.9830743801652894,1.1662396694214874,0.0,196.03619834710742,134332754554.71074
2.4044876033057854,193.111,0.7420413223140496,50.78515702479338,0.0,193.111,200910392074.57852
4.954157024793388,1598.7912809917354,14.367661157024793,283.45828099173553,0.0,1598.7912809917354,76920533118.94215
0.229875,0.0,0.0,0.0,0.0,0.0,95392403852.8
0.009058333333333333,9.219058333333333,0.41928333333333334,0.0,0.0,9.219058333333333,28724583825.066666
0.45582500000000004,0.0,0.0,0.0,0.0,0.0,0.0
5.194950413223142,770.384438016529,11.452727272727275,50.190454545454536,210.48308264462813,980.86752892562,85990932873.52066
51.1645123966942,906.2834628099172,0.444495867768595,0.16511570247933885,772.1956033057854,1678.4790578512395,1002330578512.3967
0.086,0.0,0.0,0.0,0.0,0.0,7992774291.2
0.0,0.0,0.0,0.0,0.0,0.0,0.0
0.0018750000000000004,0.0,0.0,0.0,0.0,0.0,0.0
0.00022500000000000002,0.0,0.0,0.0,0.0,0.0,948769892.8
0.0002,0.0,0.0,0.0,0.0,0.0,0.0
0.011200000000000005,0.0,0.0,0.0,0.0,0.0,0.0
0.022575000000000008,0.0,0.0,0.0,0.0,0.0,0.0
0.0033750000000000017,0.0,0.0,0.0,0.0,0.0,308110775.6
0.01532727272727273,3.6126363636363634,3.6126363636363634,0.0,0.0,3.6126363636363634,449106407526.4
0.166675,0.0,0.0,0.0,0.0,0.0,18555599872.0
5.30303448275862,0.0,0.0,0.0,0.0,0.0,71256641694.89655
0.000975,0.0,0.0,0.0,0.0,0.0,1204491728.0
0.042175000000000004,0.0,0.0,0.0,0.0,0.0,5534265286.4
0.5029642857142858,153.822875,5.0689464285714285,0.0,0.0,153.822875,103501766966.85715
2.8528035714285727,1717.3793214285713,39.383446428571425,0.8385892857142858,4710.323660714284,6427.703035714286,52097669028.57143
4.083129032258065,5108.315032258065,81.23616129032258,1.4809032258064514,6791.509838709676,11899.82477419355,39386044283.870964
0.0014249999999999998,0.0,0.0,0.0,0.0,0.0,0.0
0.0022500000000000003,0.0,0.0,0.0,0.0,0.0,0.0
377.3699454545454,0.0,0.0,0.0,0.0,0.0,0.0
0.9432231404958678,61.25561983471073,8.0739173553719,10.23310743801653,198.54560330578505,259.8012892561984,160987921831.1405
2.265545454545455,139.35732231404955,19.34002479338843,7.555504132231405,1705.0531652892566,1844.4105041322314,323739678880.7934
0.0009047619047619047,0.0,0.0,0.0,0.0,0.0,0.0
16.953380165289254,1371.1953223140492,60.013652892561986,320.9648925619834,1091.09126446281,2462.2865619834715,411269600535.2727
2.525127272727272,423.33383636363646,2.4728545454545454,5.741727272727274,0.0,423.33383636363646,74135029955.4909
2.463525,0.0,0.0,0.0,0.0,0.0,69355340172.8
0.14001666666666665,0.0,0.0,0.0,0.0,0.0,0.0
23.44914876033058,9824.817438016531,3.3465537190082646,292.7508181818182,6566.595272727273,16391.412752066113,130191468065.85124
23.707821428571428,13059.272875,56.52792857142857,6.07482142857143,6829.974749999999,19889.247714285713,248214285714.2857
0.9775000000000004,0.0,0.0,0.0,0.0,0.0,60826839236.92308
2.3410826446280995,345.5073966942149,10.25321487603306,15.803082644628104,1371.9248925619834,1717.4322892561981,194736759200.7934
11.914999999999997,0.0,0.0,0.0,0.0,0.0,13427258703.448277
0.38372500000000004,0.0,0.0,0.0,0.0,0.0,22622558263.466667
3.153859504132232,156.00994214876033,7.28900826446281,2.1331404958677687,0.0,156.00994214876033,167630229457.45456
0.0,0.0,0.0,0.0,0.0,0.0,0.0
0.043875,0.0,0.0,0.0,0.0,0.0,5822133062.4
0.0,0.0,0.0,0.0,0.0,0.0,0.0
0.01187272727272728,42.56392727272726,2.2746181818181817,0.0,0.0,42.56392727272726,17262088024.436363
0.05727272727272728,0.0,0.0,0.0,0.0,0.0,25157930286.545456
13.973760330578514,577.5148016528925,5.692768595041323,31.336561983471075,0.0,577.5148016528925,295030634542.5455
0.0029500000000000012,2.2956500000000006,0.43687499999999996,0.0,0.0,2.2956500000000006,35888057331.2
0.0,0.0,0.0,0.0,0.0,0.0,0.0
0.0,0.0,0.0,0.0,0.0,0.0,0.0
1.18025,0.0,0.0,0.0,0.0,0.0,30009878784.0
3.317157024793388,181.0140578512396,3.289776859504132,4.010404958677686,1266.8803884297517,1447.8944545454544,128570247933.8843
0.13376363636363636,34.923218181818186,34.68338181818182,0.0655090909090909,0.0,34.923218181818186,181636363636.36365
8.957462809917356,372.9857272727273,19.513636363636365,125.70361157024793,1243.2813223140492,1616.2670247933881,871983471074.3801
127.67945454545455,1876.3920082644627,29.054603305785125,149.89256198347107,2304.602892561983,4180.9949090909095,5132520661157.024
0.0,0.0,0.0,0.0,0.0,0.0,0.0
0.0014249999999999998,0.0,0.0,0.0,0.0,0.0,0.0
4.8164390243902435,0.0,0.0,0.0,0.0,0.0,34690587623.02439
5.5521,602.2546500000001,0.01225,0.0,0.0,602.2546500000001,112421828825.6
0.002225,0.0,0.0,0.0,0.0,0.0,0.0
17.249575,2163.2239333333328,0.05175,0.10788333333333333,0.0,2163.2239333333328,96026883447.46666
8.214809917355373,231.32190909090906,0.9235619834710743,0.38046280991735537,0.0,231.32190909090906,75637335124.6281
9.5328,0.0,0.0,0.0,0.0,0.0,0.0
0.0,0.0,0.0,0.0,0.0,0.0,0.0
0.028360000000000003,0.0,0.0,0.0,0.0,0.0,44435408445.44
0.0,0.0,0.0,0.0,0.0,0.0,0.0
1.77325,0.0,0.0,0.0,0.0,0.0,8102568520.533334
0.8114666666666664,0.0,0.0,0.0,0.0,0.0,12139535577.6
