Solar Energy Consumption,Solar Energy Electricity per Capita,Solar Energy per Capita,Wind Energy Consumption,Wind Energy Electricity per Capita,Wind Energy per Capita,Hydro Energy Consumption,Hydro Energy Electricity per Capita,Hydro Energy per Capita,Nuclear Energy Consumption,Nuclear Energy Electricity per Capita,Nuclear Energy per Capita,Low Carbon Energy Consumption,Low Carbon Energy per Capita,Renewable Energy Consumption,Renewable Energy per Capita,Other Renewable Energy Consumption,Other Renewable Energy per Capita,GDP
0.0,0.06535833333333334,0.0,0.0,8.333333333333333e-05,0.0,0.0,4.095483333333333,0.0,0.0,0.0,0.0,0.0,0.0,0.0,0.0,0.0,0.0,17415516185.6
1.0202666666666667,0.32616666666666666,0.8151833333333334,1.8717833333333334,0.6239416666666667,1.5801916666666667,81.42076666666667,41.100991666666665,111.49835,9.104575,3.97975,10.7406,95.756225,127.05713333333333,86.65169999999999,116.316525,86.65169999999999,116.316525,0.0
0.0,0.05785,0.0,0.0,0.0,0.0,0.0,403.7941583333333,0.0,0.0,0.0,0.0,0.0,0.0,0.0,0.0,0.0,0.0,6826479949.866667
0.04509166666666666,0.3833666666666667,1.0818083333333335,0.0016416666666666667,0.016058333333333334,0.03974166666666667,0.36341666666666667,6.539558333333333,17.621675,0.0,0.0,0.0,0.4101416666666667,18.743191666666668,0.4101416666666667,18.743191666666668,0.4101416666666667,18.743191666666668,104955582869.33333
0.0,0.0,0.0,0.0,0.0,0.0,0.0,0.0,0.0,0.0,0.0,0.0,0.0,0.0,0.0,0.0,0.0,0.0,0.0
0.0,0.047341666666666664,0.0,0.0,0.0,0.0,0.0,25.343216666666667,0.0,0.0,0.0,0.0,0.0,0.0,0.0,0.0,0.0,0.0,15350265305.6
0.0,12.4147,0.0,0.0,0.0,0.0,0.0,0.0,0.0,0.0,0.0,0.0,0.0,0.0,0.0,0.0,0.0,0.0,0.0
0.020396694214876034,0.43027272727272725,0.4581074380165289,0.21456198347107439,3.8851404958677684,4.922140495867768,28.159330578512396,259.9441818181818,770.7448842975206,6.075809917355372,62.481785123966944,169.53359504132231,36.45338842975206,993.0713388429751,30.377595041322312,823.5377024793389,30.377595041322312,823.5377024793389,262502335572.6281
0.0,0.4476428571428571,0.0,0.0,0.5522142857142857,0.0,0.0,483.03107142857147,0.0,0.0,534.2856785714285,0.0,0.0,0.0,0.0,0.0,0.0,0.0,14692715099.428572
0.0,18.675470588235296,0.0,0.0,391.82376470588235,0.0,0.0,0.0,0.0,0.0,0.0,0.0,0.0,0.0,0.0,0.0,0.0,0.0,0.0
0.0,0.0,0.0,0.0,0.0,0.0,0.0,0.0,0.0,0.0,0.0,0.0,0.0,0.0,0.0,0.0,0.0,0.0,0.0
1.4187107438016529,25.120223140495867,58.45672727272727,2.7070165289256196,50.873264462809914,114.91428925619836,17.35111570247934,372.5445041322314,1006.7933223140495,0.0,0.0,0.0,24.746479338842974,1332.2722066115703,24.746479338842974,1332.2722066115703,24.746479338842974,1332.2722066115703,276227396866.1157
0.1715409836065574,10.440409836065573,19.613196721311475,1.1394098360655736,63.64111475409836,131.94080327868852,38.86388524590164,1865.2680655737704,4856.570475409836,0.0,0.0,0.0,42.84267213114754,5325.366836065574,42.84267213114754,5325.366836065574,42.84267213114754,5325.366836065574,106668448209.83606
0.009975609756097561,0.510609756097561,1.0089756097560976,0.016487804878048778,0.988731707317073,1.6590243902439026,4.175000000000001,188.45558536585366,499.5288536585366,0.0,0.0,0.0,4.237048780487805,505.8522195121951,4.237048780487805,505.8522195121951,4.237048780487805,505.8522195121951,62590859089.17073
0.0,1.18695,0.0,0.0,0.0,0.0,0.0,0.0,0.0,0.0,0.0,0.0,0.0,0.0,0.0,0.0,0.0,0.0,0.0
0.0,0.29169999999999996,0.0,0.0,0.098125,0.0,0.0,0.0,0.0,0.0,0.0,0.0,0.0,0.0,0.0,0.0,0.0,0.0,7303791319.466666
0.04068595041322314,0.12377685950413224,0.2583388429752066,0.0013140495867768596,0.003,0.008578512396694216,0.7383636363636363,2.6199752066115702,6.566586776859504,0.0,0.0,0.0,0.7815867768595042,6.841355371900827,0.7815867768595042,6.841355371900827,0.7815867768595042,6.841355371900827,87777396380.56198
0.0,15.06135,0.0,0.0,0.0,0.0,0.0,0.0,0.0,0.0,0.0,0.0,0.0,0.0,0.0,0.0,0.0,0.0,3748447552.0
0.022121951219512197,1.7162195121951223,2.3396829268292683,0.027414634146341467,1.7705853658536583,2.8960975609756097,0.14795121951219511,6.920097560975609,15.493365853658538,0.0,0.0,0.0,0.2633170731707317,27.707756097560978,0.2633170731707317,27.707756097560978,0.2633170731707317,27.707756097560978,109075314475.70732
0.5570655737704918,27.091762295081967,49.24599180327869,1.0837131147540984,55.79690983606557,95.96776229508195,0.36468032786885246,13.575844262295082,35.5715737704918,36.590836065573775,1357.4250163934428,3508.0720655737705,40.55685245901639,3866.3675737704916,3.9660081967213117,358.29554098360654,3.9660081967213117,358.29554098360654,142511560485.77048
0.0,0.560075,0.0,0.0,0.03145,0.0,0.0,284.07872499999996,0.0,0.0,0.0,0.0,0.0,0.0,0.0,0.0,0.0,0.0,0.0
0.0,0.055975,0.0,0.0,0.0,0.0,0.0,0.08,0.0,0.0,0.0,0.0,0.0,0.0,0.0,0.0,0.0,0.0,10170400089.6
0.0,0.0,0.0,0.0,0.0,0.0,0.0,0.0,0.0,0.0,0.0,0.0,0.0,0.0,0.0,0.0,0.0,0.0,0.0
0.0,0.2355,0.0,0.0,0.16770000000000002,0.0,0.0,3965.996425,0.0,0.0,0.0,0.0,0.0,0.0,0.0,0.0,0.0,0.0,0.0
0.0,0.43592561983471073,0.0,0.0,0.22511570247933885,0.0,0.0,39.443380165289256,0.0,0.0,0.0,0.0,0.0,0.0,0.0,0.0,0.0,0.0,11500681211.768595
0.0,1.5105,0.0,0.0,9.568966666666666,0.0,0.0,1125.2745,0.0,0.0,0.0,0.0,0.0,0.0,0.0,0.0,0.0,0.0,21659474705.066666
0.0,0.110675,0.0,0.0,0.0,0.0,0.0,0.0,0.0,0.0,0.0,0.0,0.0,0.0,0.0,0.0,0.0,0.0,4813804208.0
0.2055867768595041,0.7326198347107439,0.9784049586776861,4.849950413223141,11.534925619834711,23.415363636363637,271.59720661157024,618.8399586776859,1635.609479338843,6.659768595041323,13.33309917355372,35.12873553719008,328.26528099173555,1932.8141570247935,321.60554545454545,1897.6853801652894,321.60554545454545,1897.6853801652894,555135561681.4546
0.0,1.788275,0.0,0.0,10.537524999999999,0.0,0.0,0.0,0.0,0.0,0.0,0.0,0.0,0.0,0.0,0.0,0.0,0.0,0.0
0.0,0.30025833333333335,0.0,0.0,0.0,0.0,0.0,0.0,0.0,0.0,0.0,0.0,0.0,0.0,0.0,0.0,0.0,0.0,0.0
0.22490163934426233,15.664877049180328,31.421,0.2682377049180328,18.118762295081968,37.209704918032784,3.5378524590163933,169.5540819672131,437.89182786885243,13.994401639344263,688.2025573770492,1746.2193852459018,18.110631147540982,2264.759459016393,4.116221311475409,518.5400983606557,4.116221311475409,518.5400983606557,45321123735.08197
0.0,0.27690000000000003,0.0,0.0,0.0,0.0,0.0,3.3573250000000003,0.0,0.0,0.0,0.0,0.0,0.0,0.0,0.0,0.0,0.0,15036072192.0
0.0,0.036375000000000005,0.0,0.0,0.0,0.0,0.0,2.4765916666666663,0.0,0.0,0.0,0.0,0.0,0.0,0.0,0.0,0.0,0.0,2867779661.866667
0.0,0.0,0.0,0.0,0.0,0.0,0.0,0.0,0.0,0.0,0.0,0.0,0.0,0.0,0.0,0.0,0.0,0.0,0.0
0.0,0.11792499999999999,0.0,0.0,0.0054,0.0,0.0,31.28235,0.0,0.0,0.0,0.0,0.0,0.0,0.0,0.0,0.0,0.0,18658145856.0
0.0,0.033183333333333336,0.0,0.0,0.0,0.0,0.0,33.985708333333335,0.0,0.0,0.0,0.0,0.0,0.0,0.0,0.0,0.0,0.0,13457389745.066668
0.4906694214876033,6.427024793388429,13.50504132231405,4.844776859504132,63.2632479338843,134.90392561983472,361.57519834710746,4714.457074380165,12625.412826446282,76.68025619834711,935.3083223140496,2533.938694214876,451.75471900826443,15558.911991735537,375.0744214876033,13024.973347107438,375.0744214876033,13024.973347107438,442782385139.3058
0.0,3.34475,0.0,0.0,33.096025,0.0,0.0,0.0,0.0,0.0,0.0,0.0,0.0,0.0,0.0,0.0,0.0,0.0,1511286351.2
0.0,19.75435,0.0,0.0,0.0,0.0,0.0,0.0,0.0,0.0,0.0,0.0,0.0,0.0,0.0,0.0,0.0,0.0,0.0
0.0,0.015625,0.0,0.0,0.0,0.0,0.0,15.4441,0.0,0.0,0.0,0.0,0.0,0.0,0.0,0.0,0.0,0.0,3199568102.4
0.0,0.0,0.0,0.0,0.0,0.0,0.0,0.0,0.0,0.0,0.0,0.0,0.0,0.0,0.0,0.0,0.0,0.0,0.0
0.0,0.001925,0.0,0.0,0.059050000000000005,0.0,0.0,0.0,0.0,0.0,0.0,0.0,0.0,0.0,0.0,0.0,0.0,0.0,10105145664.0
0.40580165289256204,11.855214876033058,21.82010743801653,0.42076033057851236,11.49393388429752,22.890669421487605,17.527743801652893,453.7474380165289,1201.6441983471075,0.0,0.0,0.0,20.590826446280992,1380.0798512396696,20.590826446280992,1380.0798512396696,20.590826446280992,1380.0798512396696,75001276517.55373
13.697768595041321,5.337851239669422,9.621619834710742,43.413396694214875,14.883834710743802,30.75478512396694,370.7167933884298,113.954,280.08869421487606,49.28800826446281,15.908628099173553,35.50061157024794,493.3904049586777,367.6072975206612,444.1024132231405,332.10667768595044,444.1024132231405,332.10667768595044,2288082644628.099
0.003512396694214876,0.08204958677685951,0.07283471074380166,0.017669421487603306,0.14803305785123966,0.3864380165289256,32.56012396694215,332.4799752066115,864.556,0.0,0.0,0.0,33.27086776859504,881.5855702479339,33.27086776859504,881.5855702479339,33.27086776859504,881.5855702479339,122280324969.78513
0.0,0.0,0.0,0.0,0.0,0.0,0.0,2.4274999999999998,0.0,0.0,0.0,0.0,0.0,0.0,0.0,0.0,0.0,0.0,843420673.6
0.0,0.009608333333333333,0.0,0.0,0.0,0.0,0.0,25.10103333333333,0.0,0.0,0.0,0.0,0.0,0.0,0.0,0.0,0.0,0.0,3657036212.8
0.0,55.603625,0.0,0.0,0.31995,0.0,0.0,0.0,0.0,0.0,0.0,0.0,0.0,0.0,0.0,0.0,0.0,0.0,0.0
0.0,1.0998048780487804,0.0,0.0,68.98095121951219,0.0,0.0,784.6297804878049,0.0,0.0,0.0,0.0,0.0,0.0,0.0,0.0,0.0,0.0,32921536911.609756
0.0,0.0,0.0,0.0,0.0,0.0,0.0,0.0,0.0,0.0,0.0,0.0,0.0,0.0,0.0,0.0,0.0,0.0,16363551989.05983
0.0315625,4.28028125,7.53928125,0.6185625,87.68325,147.120875,15.79228125,1439.8645000000001,3589.66109375,0.0,0.0,0.0,16.70615625,3807.16078125,16.70615625,3807.16078125,16.70615625,3807.16078125,59534826368.0
0.0,0.3323833333333333,0.0,0.0,0.18457500000000002,0.0,0.0,1.5500666666666667,0.0,0.0,0.0,0.0,0.0,0.0,0.0,0.0,0.0,0.0,32734758643.2
0.04554385964912281,27.531052631578948,38.78268421052631,0.08273684210526316,35.43275438596491,71.14585964912281,0.0,0.0,0.0,0.0,0.0,0.0,0.15247368421052632,130.95270175438597,0.15247368421052632,130.95270175438597,0.15247368421052632,130.95270175438597,13310011594.105263
0.9070175438596492,41.08754385964912,85.4660350877193,0.2597543859649123,11.818245614035087,24.52717543859649,4.8429473684210524,180.49277192982456,470.6185263157895,32.00457894736842,1256.5794210526317,3066.443456140351,40.39256140350878,3872.439052631579,8.387982456140351,805.9955087719298,8.387982456140351,805.9955087719298,171771929824.5614
0.0,0.0,0.0,0.0,0.0,0.0,0.0,0.0,0.0,0.0,0.0,0.0,0.0,0.0,0.0,0.0,0.0,0.0,144633158025.84616
0.0,0.0035416666666666665,0.0,0.0,0.0,0.0,0.0,20.308241666666667,0.0,0.0,0.0,0.0,0.0,0.0,0.0,0.0,0.0,0.0,23266238344.533333
0.10864754098360654,11.24454918032787,19.017180327868854,4.231795081967213,338.9900409836066,760.7341639344262,0.030565573770491804,2.2365737704918036,5.860704918032787,0.0,0.0,0.0,6.153983606557377,1106.6909672131148,6.153983606557377,1106.6909672131148,6.153983606557377,1106.6909672131148,79385900707.67213
0.0,0.134575,0.0,0.0,0.0,0.0,0.0,0.0,0.0,0.0,0.0,0.0,0.0,0.0,0.0,0.0,0.0,0.0,1562337843.2
0.0,1.6835,0.0,0.0,3.33395,0.0,0.0,194.70315,0.0,0.0,0.0,0.0,0.0,0.0,0.0,0.0,0.0,0.0,510254899.2
0.0,2.1301499999999995,0.0,0.0,6.8543,0.0,0.0,74.2778,0.0,0.0,0.0,0.0,0.0,0.0,0.0,0.0,0.0,0.0,61907802995.2
0.0,0.0,0.0,0.0,0.0,0.0,0.0,0.0,0.0,0.0,0.0,0.0,0.0,0.0,0.0,0.0,0.0,0.0,0.0
0.007008333333333333,0.10400000000000001,0.4140666666666667,0.01205,0.2923666666666667,0.7315333333333334,7.1438,201.7560333333333,540.9350833333333,0.0,0.0,0.0,7.261008333333334,548.2831333333332,7.261008333333334,548.2831333333332,7.261008333333334,548.2831333333332,31870622718.933334
0.12949166666666667,0.6599666666666667,1.3140333333333334,0.5088833333333334,2.279641666666667,5.7643,12.553066666666666,76.36348333333333,209.55529166666665,0.0,0.0,0.0,13.191408333333333,216.6336,13.191408333333333,216.6336,13.191408333333333,216.6336,154513344938.66666
0.0,2.174125,0.0,0.0,0.0,0.0,0.0,128.661925,0.0,0.0,0.0,0.0,0.0,0.0,0.0,0.0,0.0,0.0,26277475916.8
0.0,0.0,0.0,0.0,0.0,0.0,0.0,82.950275,0.0,0.0,0.0,0.0,0.0,0.0,0.0,0.0,0.0,0.0,10232500000.0
0.0,1.6198846153846156,0.0,0.0,0.23107692307692307,0.0,0.0,0.0,0.0,0.0,0.0,0.0,0.0,0.0,0.0,0.0,0.0,0.0,0.0
0.008567567567567567,14.071297297297297,6.477702702702702,0.4202972972972973,158.46464864864865,317.6577567567567,0.031243243243243242,9.942594594594594,23.439675675675677,0.0,0.0,0.0,1.167972972972973,882.409945945946,1.167972972972973,882.409945945946,1.167972972972973,882.409945945946,17605270943.135136
0.0,0.0,0.0,0.0,0.0,0.0,0.0,0.0,0.0,0.0,0.0,0.0,0.0,0.0,0.0,0.0,0.0,0.0,2351512169.5726495
0.0,0.030449999999999998,0.0,0.0,1.0236,0.0,0.0,32.390525000000004,0.0,0.0,0.0,0.0,0.0,0.0,0.0,0.0,0.0,0.0,62512695360.0
21.068175,11.205208333333333,28.3486,79.16294166666667,41.73871666666666,106.90399166666666,635.7331083333333,328.47679166666666,891.501225,838.7441249999999,428.1891,1155.4077416666667,1660.5065833333333,2298.9005583333333,821.7625,1143.4928083333332,821.7625,1143.4928083333332,0.0
0.0,0.0,0.0,0.0,0.0,0.0,0.0,0.0,0.0,0.0,0.0,0.0,0.0,0.0,0.0,0.0,0.0,0.0,0.0
0.0,0.0,0.0,0.0,0.0,0.0,0.0,0.0,0.0,0.0,0.0,0.0,0.0,0.0,0.0,0.0,0.0,0.0,0.0
0.0,0.0,0.0,0.0,0.0,0.0,0.0,0.0,0.0,0.0,0.0,0.0,0.0,0.0,0.0,0.0,0.0,0.0,0.0
0.0,1.6,0.0,0.0,2.7483999999999997,0.0,0.0,264.277525,0.0,0.0,0.0,0.0,0.0,0.0,0.0,0.0,0.0,0.0,0.0
0.018350877192982458,3.170859649122807,3.348105263157895,1.1804736842105261,134.78984210526315,215.10019298245612,32.81494736842105,2500.406947368421,6511.385754385965,40.03877192982456,3007.432298245614,7728.247771929825,87.47138596491227,16987.395807017543,47.43250877192982,9259.148,47.43250877192982,9259.148,117083258763.22807
1.326516393442623,12.168008196721312,20.55239344262295,4.616549180327869,38.33253278688525,71.96575409836066,74.67986885245901,497.18122950819674,1312.6741475409838,315.7720819672131,2052.7355163934426,5272.671713114754,403.47804918032784,6792.919237704918,87.70596721311476,1520.2474918032785,87.70596721311476,1520.2474918032785,793770491803.2787
0.0,43.23075,0.0,0.0,0.0,0.0,0.0,1242.2496999999998,0.0,0.0,0.0,0.0,0.0,0.0,0.0,0.0,0.0,0.0,0.0
0.0,24.766475,0.0,0.0,0.18465,0.0,0.0,338.0707,0.0,0.0,0.0,0.0,0.0,0.0,0.0,0.0,0.0,0.0,0.0
0.0,0.07279166666666666,0.0,0.0,0.0,0.0,0.0,91.86669166666667,0.0,0.0,0.0,0.0,0.0,0.0,0.0,0.0,0.0,0.0,5358881665.066667
0.0,0.5017,0.0,0.0,0.0232,0.0,0.0,0.0,0.0,0.0,0.0,0.0,0.0,0.0,0.0,0.0,0.0,0.0,2290023126.4
0.0,0.0,0.0,0.0,2.319357142857143,0.0,0.0,1301.5100714285713,0.0,0.0,0.0,0.0,0.0,0.0,0.0,0.0,0.0,0.0,25793672082.285713
7.329524590163935,45.089286885245905,89.33816393442623,21.64409016393443,127.65024590163934,264.15489344262295,23.040147540983607,108.93495081967214,288.315762295082,121.88077868852459,570.824606557377,1516.1746475409836,192.1559180327869,2381.8289262295084,70.27515573770492,865.6543196721312,70.27515573770492,865.6543196721312,1185237704918.0327
0.0,0.03725833333333333,0.0,0.0,0.0,0.0,0.0,41.97900833333333,0.0,0.0,0.0,0.0,0.0,0.0,0.0,0.0,0.0,0.0,18475007005.866665
0.0,0.0,0.0,0.0,0.0,0.0,0.0,0.0,0.0,0.0,0.0,0.0,0.0,0.0,0.0,0.0,0.0,0.0,0.0
0.6102950819672132,31.040098360655737,57.42918852459016,1.2725901639344261,61.513975409836064,118.36824590163934,4.093655737704918,154.75725409836065,398.1207295081967,0.0,0.0,0.0,6.055967213114754,581.2619918032788,6.055967213114754,581.2619918032788,6.055967213114754,581.2619918032788,87511759578.2295
0.0,0.0,0.0,0.0,0.0,0.0,0.0,836.508725,0.0,0.0,0.0,0.0,0.0,0.0,0.0,0.0,0.0,0.0,0.0
0.0,3.38025,0.0,0.0,4.167375,0.0,0.0,0.0,0.0,0.0,0.0,0.0,0.0,0.0,0.0,0.0,0.0,0.0,0.0
0.0,49.610975,0.0,0.0,56.0465,0.0,0.0,0.0,0.0,0.0,0.0,0.0,0.0,0.0,0.0,0.0,0.0,0.0,0.0
0.0,45.324525,0.0,0.0,0.0,0.0,0.0,0.0,0.0,0.0,0.0,0.0,0.0,0.0,0.0,0.0,0.0,0.0,0.0
0.0,0.487325,0.0,0.0,0.5819583333333334,0.0,0.0,41.036883333333336,0.0,0.0,0.0,0.0,0.0,0.0,0.0,0.0,0.0,0.0,21004857125.333332
0.0,0.248925,0.0,0.0,0.0,0.0,0.0,28.798075,0.0,0.0,0.0,0.0,0.0,0.0,0.0,0.0,0.0,0.0,8953544998.4
0.0,0.099225,0.0,0.0,0.0,0.0,0.0,0.0,0.0,0.0,0.0,0.0,0.0,0.0,0.0,0.0,0.0,0.0,1481067222.4
0.0,1.126475,0.0,0.0,0.0645,0.0,0.0,0.0,0.0,0.0,0.0,0.0,0.0,0.0,0.0,0.0,0.0,0.0,0.0
0.0,0.03495,0.0,0.0,0.0,0.0,0.0,10.02205,0.0,0.0,0.0,0.0,0.0,0.0,0.0,0.0,0.0,0.0,14607485696.0
0.0,11.416450000000001,0.0,0.0,12.741249999999999,0.0,0.0,145.57445,0.0,0.0,0.0,0.0,0.0,0.0,0.0,0.0,0.0,0.0,21238828057.6
0.00039999999999999996,0.017545454545454548,0.05498181818181818,0.0006727272727272726,0.03850909090909091,0.09721818181818181,0.0,0.0,0.0,0.0,0.0,0.0,0.0458,6.37529090909091,0.0458,6.37529090909091,0.0458,6.37529090909091,165664675849.30908
0.0580327868852459,6.085327868852459,5.972868852459017,0.15608196721311476,7.387196721311475,15.904073770491804,0.2059590163934426,7.839713114754098,20.155368852459016,10.837860655737705,427.6647459016394,1071.4353032786885,11.910614754098361,1179.5345491803278,1.0727540983606558,108.09927868852459,1.0727540983606558,108.09927868852459,65822000115.409836
0.0,0.0,0.0,0.0024181818181818185,2.7312000000000003,7.311381818181817,15.598163636363637,20407.8092,54485.12063636363,0.0,0.0,0.0,19.456909090909093,66776.16156363636,19.456909090909093,66776.16156363636,19.456909090909093,66776.16156363636,7471975088.872727
2.7633471074380167,1.1876446280991735,2.0571404958677686,9.757322314049587,3.4201157024793387,7.593768595041323,89.97085123966941,35.436809917355376,93.29652892561982,14.562347107438017,5.065909090909091,12.927247933884297,123.1338347107438,120.665826446281,108.57143801652893,107.73855371900827,108.57143801652893,107.73855371900827,1158809917355.3718
0.0032333333333333333,0.008166666666666666,0.012233333333333334,0.008325,0.021866666666666666,0.031141666666666668,9.122633333333333,16.607441666666666,44.069608333333335,0.0,0.0,0.0,15.202908333333333,68.904375,15.202908333333333,68.904375,15.202908333333333,68.904375,383407154222.93335
0.008247933884297521,0.07997520661157025,0.10046280991735536,0.07446280991735538,0.4544214876033058,0.9786776859504133,9.72585950413223,64.84602479338842,168.2280082644628,0.8374462809917356,4.376768595041322,10.497090909090911,10.650892561983472,179.86688429752067,9.813438016528925,169.36978512396692,9.813438016528925,169.36978512396692,236223661821.8843
0.008174999999999998,0.088775,0.22462500000000002,0.0,0.0,0.0,3.2686833333333336,48.85841666666667,146.53070833333334,0.0,0.0,0.0,3.27685,146.75533333333334,3.27685,146.75533333333334,3.27685,146.75533333333334,76546185516.8
0.0012786885245901639,0.1684016393442623,0.26827049180327867,1.504549180327869,162.63754098360656,325.76497540983604,0.9179836065573771,95.9542950819672,254.75338524590165,0.0,0.0,0.0,2.5787295081967216,614.8605327868853,2.5787295081967216,614.8605327868853,2.5787295081967216,614.8605327868853,49528557035.016396
0.21909166666666666,10.532141666666666,26.80711666666667,0.007566666666666667,0.3832583333333333,0.98435,0.01595,0.8785416666666667,2.5844333333333336,0.0,0.0,0.0,0.26080833333333336,32.675108333333334,0.26080833333333336,32.675108333333334,0.26080833333333336,32.675108333333334,53763083605.333336
3.9989672131147542,33.07772131147541,66.2280737704918,3.7343606557377047,29.809016393442622,62.23193442622951,51.649860655737704,347.5835655737705,908.5063606557377,2.046729508196721,13.31944262295082,36.99846721311476,72.57626229508197,1264.2945163934428,70.52955737704917,1227.2960327868852,70.52955737704917,1227.2960327868852,681136377843.4098
0.0,1.3042500000000001,0.0,0.0,17.26695,0.0,0.0,24.429375,0.0,0.0,0.0,0.0,0.0,0.0,0.0,0.0,0.0,0.0,13410101312.0
7.12098347107438,27.430454545454545,55.827975206611576,1.5458429752066116,5.494289256198347,12.082504132231405,99.96479338842975,311.90063636363635,830.7982809917356,177.76394214876035,507.7369834710744,1413.6128512396695,301.5169338842975,2431.8378842975208,123.753,1018.2250661157026,123.753,1018.2250661157026,1445524771983.8677
0.0,10.75395,0.0,0.0,7.444125,0.0,0.0,3.5197249999999998,0.0,0.0,0.0,0.0,0.0,0.0,0.0,0.0,0.0,0.0,29339027225.6
0.040170731707317074,2.9247073170731706,2.199853658536585,0.1003170731707317,3.6151951219512197,5.518243902439025,17.866439024390242,421.4811707317073,1103.3311219512195,0.168609756097561,3.778731707317073,10.496487804878049,18.176243902439026,1121.5856829268293,18.007658536585364,1111.0891951219512,18.007658536585364,1111.0891951219512,178013209749.85367
0.0,0.24305,0.0,0.0,1.0879249999999998,0.0,0.0,37.904975,0.0,0.0,0.0,0.0,0.0,0.0,0.0,0.0,0.0,0.0,65641831270.4
0.0,6.65525,0.0,0.0,0.0,0.0,0.0,0.0,0.0,0.0,0.0,0.0,0.0,0.0,0.0,0.0,0.0,0.0,0.0
0.0,0.0,0.0,0.0,0.0,0.0,0.0,0.0,0.0,0.0,0.0,0.0,0.0,0.0,0.0,0.0,0.0,0.0,0.0
0.006508333333333333,0.6322333333333333,1.5842166666666666,0.0010916666666666668,0.1445,0.26363333333333333,0.0,0.0,0.0,0.0,0.0,0.0,0.007608333333333333,1.8478416666666668,0.007608333333333333,1.8478416666666668,0.007608333333333333,1.8478416666666668,44502343731.2
0.0,0.0,0.0,0.0,0.0,0.0,0.0,1639.4665357142858,0.0,0.0,0.0,0.0,0.0,0.0,0.0,0.0,0.0,0.0,15080841142.857143
0.0,0.19419999999999998,0.0,0.0,0.0,0.0,0.0,727.6087749999999,0.0,0.0,0.0,0.0,0.0,0.0,0.0,0.0,0.0,0.0,12905736204.8
0.0002702702702702703,0.0,0.1065945945945946,0.1058918918918919,24.513135135135133,51.63778378378378,7.618351351351352,1302.6084054054054,3287.6937567567566,0.0,0.0,0.0,8.159675675675675,3558.728216216216,8.159675675675675,3558.728216216216,8.159675675675675,3558.728216216216,27635199612.54054
0.0,0.9065000000000001,0.0,0.0,0.15642499999999998,0.0,0.0,65.70445,0.0,0.0,0.0,0.0,0.0,0.0,0.0,0.0,0.0,0.0,42361387187.2
0.0,0.072,0.0,0.0,0.0,0.0,0.0,118.92407499999999,0.0,0.0,0.0,0.0,0.0,0.0,0.0,0.0,0.0,0.0,3380155907.2
0.0,0.05695,0.0,0.0,0.0,0.0,0.0,0.0,0.0,0.0,0.0,0.0,0.0,0.0,0.0,0.0,0.0,0.0,1778612715.2
0.0,0.096975,0.0,0.0,0.0,0.0,0.0,0.0,0.0,0.0,0.0,0.0,0.0,0.0,0.0,0.0,0.0,0.0,44965982643.2
0.029690476190476194,6.166833333333334,10.332309523809524,0.5294761904761904,97.93092857142858,182.20166666666668,0.8967619047619048,106.17278571428571,270.6302619047619,19.7625,2040.335761904762,5605.567857142857,21.45657142857143,6150.172523809524,1.6941190476190477,544.6046666666667,1.6941190476190477,544.6046666666667,40897827986.28571
0.04082456140350877,40.740315789473684,73.00105263157894,0.08040350877192982,76.27408771929824,148.5503157894737,0.22866666666666668,209.9621052631579,551.8965087719298,0.0,0.0,0.0,0.4531052631578947,978.9011052631579,0.4531052631578947,978.9011052631579,0.4531052631578947,978.9011052631579,15757764769.68421
0.0,0.0,0.0,0.0,0.0,0.0,0.0,0.0,0.0,0.0,0.0,0.0,0.0,0.0,0.0,0.0,0.0,0.0,0.0
0.0,0.04546666666666667,0.0,0.0,0.00165,0.0,0.0,5.7602,0.0,0.0,0.0,0.0,0.0,0.0,0.0,0.0,0.0,0.0,7056988189.866667
0.0,0.32075,0.0,0.0,0.0,0.0,0.0,51.6711,0.0,0.0,0.0,0.0,0.0,0.0,0.0,0.0,0.0,0.0,10622949056.0
0.053475,0.7401583333333334,1.7207916666666667,0.0,0.0,0.0,7.1199916666666665,113.85805,303.0299166666666,0.0,0.0,0.0,7.537725,317.7760083333333,7.537725,317.7760083333333,7.537725,317.7760083333333,103747781723.73334
0.0,0.029600000000000005,0.0,0.0,1.699125,0.0,0.0,0.0,0.0,0.0,0.0,0.0,0.0,0.0,0.0,0.0,0.0,0.0,0.0
0.0,0.365925,0.0,0.0,0.0,0.0,0.0,25.99705,0.0,0.0,0.0,0.0,0.0,0.0,0.0,0.0,0.0,0.0,10522760710.4
0.0,71.687,0.0,0.0,0.0,0.0,0.0,0.0,0.0,0.0,0.0,0.0,0.0,0.0,0.0,0.0,0.0,0.0,6189845632.0
0.0,0.0,0.0,0.0,2.163875,0.0,0.0,0.0,0.0,0.0,0.0,0.0,0.0,0.0,0.0,0.0,0.0,0.0,0.0
0.0,2.80975,0.0,0.0,3.222425,0.0,0.0,14.214925,0.0,0.0,0.0,0.0,0.0,0.0,0.0,0.0,0.0,0.0,5398546560.0
0.0,4.606375,0.0,0.0,1.70395,0.0,0.0,39.512675,0.0,0.0,0.0,0.0,0.0,0.0,0.0,0.0,0.0,0.0,13916849638.4
0.36825619834710743,1.3726446280991735,2.912677685950413,1.640231404958678,6.31698347107438,13.303867768595042,29.334487603305785,127.16544628099173,342.78873553719006,5.911942148760331,20.888380165289256,55.43038016528926,42.66585123966942,468.3496694214876,36.75388429752066,412.9192975206612,36.75388429752066,412.9192975206612,428421841348.7603
0.0,0.0,0.0,0.0,0.0,0.0,0.0,0.0,0.0,0.0,0.0,0.0,0.0,0.0,0.0,0.0,0.0,0.0,0.0
0.0,0.0,0.0,0.0,0.0,0.0,0.0,0.0,0.0,0.0,0.0,0.0,0.0,0.0,0.0,0.0,0.0,0.0,0.0
0.0,0.0,0.0,0.0,0.0,0.0,0.0,0.0,0.0,0.0,0.0,0.0,0.0,0.0,0.0,0.0,0.0,0.0,12596828733.44
0.0,0.5355702479338843,0.0,0.0,4.994090909090909,0.0,0.0,2.1836115702479337,0.0,0.0,0.0,0.0,0.0,0.0,0.0,0.0,0.0,0.0,3846103583.4710746
0.0,0.0,0.0,0.0,82.51768181818183,0.0,0.0,2145.877909090909,0.0,0.0,0.0,0.0,0.0,0.0,0.0,0.0,0.0,0.0,6672631645.090909
0.0,0.0,0.0,0.0,0.0,0.0,0.0,0.0,0.0,0.0,0.0,0.0,0.0,0.0,0.0,0.0,0.0,0.0,0.0
0.06949166666666667,0.7747499999999999,1.9280499999999998,0.5170666666666667,5.926699999999999,14.922500000000001,1.5652499999999998,24.072908333333334,65.43820833333334,0.0,0.0,0.0,2.151825,82.28874166666667,2.151825,82.28874166666667,2.151825,82.28874166666667,56661330248.53333
0.0,0.0034000000000000002,0.0,0.0,0.0,0.0,0.0,101.49264166666667,0.0,0.0,0.0,0.0,0.0,0.0,0.0,0.0,0.0,0.0,5256280608.0
0.0,0.013149999999999998,0.0,0.0,0.0,0.0,0.0,20.07450833333333,0.0,0.0,0.0,0.0,0.0,0.0,0.0,0.0,0.0,0.0,37488130389.333336
0.0,3.629433333333333,0.0,0.0,0.3248,0.0,0.0,454.5982333333333,0.0,0.0,0.0,0.0,0.0,0.0,0.0,0.0,0.0,0.0,12154969907.2
0.0,0.0,0.0,0.0,0.0,0.0,0.0,0.0,0.0,0.0,0.0,0.0,0.0,0.0,0.0,0.0,0.0,0.0,0.0
0.0,0.11085833333333334,0.0,0.0,0.015575,0.0,0.0,19.851425,0.0,0.0,0.0,0.0,0.0,0.0,0.0,0.0,0.0,0.0,12481702220.8
0.32386065573770495,17.252016393442624,19.036770491803278,2.1020573770491806,64.85594262295082,125.36809016393443,0.06452459016393443,1.5441475409836065,4.003934426229509,3.9321639344262294,97.85568852459016,255.45818852459018,9.443557377049181,588.5256557377049,5.511360655737705,333.0674344262295,5.511360655737705,333.0674344262295,226224297757.37704
0.0,7.367725,0.0,0.0,155.374325,0.0,0.0,0.0,0.0,0.0,0.0,0.0,0.0,0.0,0.0,0.0,0.0,0.0,0.0
0.0,0.0,0.0,0.0,67.11095,0.0,0.0,707.102425,0.0,0.0,0.0,0.0,0.0,0.0,0.0,0.0,0.0,0.0,0.0
0.019839285714285716,2.154053571428572,4.229982142857143,1.2231607142857144,113.62292857142857,272.1388928571429,55.352535714285715,5672.098,15256.212107142857,0.0,0.0,0.0,65.24682142857144,17755.503357142858,65.24682142857144,17755.503357142858,65.24682142857144,17755.503357142858,75209723117.71428
0.0,0.3827,0.0,0.0,23.948375000000002,0.0,0.0,31.730525,0.0,0.0,0.0,0.0,0.0,0.0,0.0,0.0,0.0,0.0,13306448000.0
0.0,0.027016666666666668,0.0,0.0,0.0,0.0,0.0,0.0,0.0,0.0,0.0,0.0,0.0,0.0,0.0,0.0,0.0,0.0,4343027330.133333
0.0,0.010256198347107438,0.0,0.0,0.001322314049586777,0.0,0.0,7.144669421487603,0.0,0.0,0.0,0.0,0.0,0.0,0.0,0.0,0.0,0.0,205292902438.08264
0.0,0.0,0.0,0.0,0.0,0.0,0.0,0.0,0.0,0.0,0.0,0.0,0.0,0.0,0.0,0.0,0.0,0.0,0.0
10.326741666666667,0.0,28.714541666666666,54.51939166666667,0.0,154.19588333333334,736.9776416666666,0.0,2554.960375,730.8572750000001,0.0,2363.741875,1652.3803166666667,5475.259950000001,921.5230333333333,3111.5180666666665,921.5230333333333,3111.5180666666665,0.0
0.0,0.030116666666666667,0.0,0.0,0.002275,0.0,0.0,84.2044,0.0,0.0,0.0,0.0,0.0,0.0,0.0,0.0,0.0,0.0,16795521820.8
0.01128125,2.4021875,5.4143437500000005,0.047843750000000004,11.85984375,22.9870625,2.947875,593.40959375,1437.68734375,0.0,0.0,0.0,3.0239375,1474.21515625,3.0239375,1474.21515625,3.0239375,1474.21515625,15743115936.0
0.0,0.0,0.0,0.0,0.0,0.0,0.0,0.0,0.0,0.0,0.0,0.0,0.0,0.0,0.0,0.0,0.0,0.0,0.0
0.008049180327868853,0.04536065573770492,1.5543196721311476,0.6085819672131147,77.81822950819672,118.59858196721312,127.61579508196722,11011.57299180328,28755.05975409836,0.0,0.0,0.0,128.42190983606557,28915.721540983606,128.42190983606557,28915.721540983606,128.42190983606557,28915.721540983606,87438159771.27869
0.0,0.0,0.0,0.0,0.0,0.0,0.0,0.0,0.0,0.0,0.0,0.0,0.0,0.0,0.0,0.0,0.0,0.0,0.0
0.000425,0.040275,0.09709166666666666,0.0,0.0,0.0,0.0,0.0,0.0,0.0,0.0,0.0,0.000425,0.09709166666666666,0.000425,0.09709166666666666,0.000425,0.09709166666666666,19751360977.6
0.0,0.0,0.0,0.0,0.0,0.0,0.0,0.0,0.0,0.0,0.0,0.0,0.0,0.0,0.0,0.0,0.0,0.0,0.0
0.0,0.0,0.0,0.0,0.0,0.0,0.0,0.0,0.0,0.0,0.0,0.0,0.0,0.0,0.0,0.0,0.0,0.0,0.0
0.0,0.0,0.0,0.0,0.0,0.0,0.0,0.0,0.0,0.0,0.0,0.0,0.0,0.0,0.0,0.0,0.0,0.0,0.0
0.0,0.0,0.0,0.0,0.0,0.0,0.0,0.0,0.0,0.0,0.0,0.0,0.0,0.0,0.0,0.0,0.0,0.0,0.0
0.0,0.0,0.0,0.0,0.0,0.0,0.0,0.0,0.0,0.0,0.0,0.0,0.0,0.0,0.0,0.0,0.0,0.0,0.0
0.0,0.0,0.0,0.0,0.0,0.0,0.0,0.0,0.0,0.0,0.0,0.0,0.0,0.0,0.0,0.0,0.0,0.0,0.0
0.0,0.0,0.0,0.0,0.0,0.0,0.0,0.0,0.0,0.0,0.0,0.0,0.0,0.0,0.0,0.0,0.0,0.0,0.0
0.09497520661157026,0.22389256198347107,0.4573553719008265,0.2766363636363636,0.6061735537190082,1.3205454545454545,21.619933884297524,62.954785123966936,164.39928925619833,1.8873719008264462,4.615231404958678,11.31590909090909,24.077272727272728,178.65228099173552,22.18989256198347,167.33637190082646,22.18989256198347,167.33637190082646,158321999613.8843
0.0,0.0,0.0,0.0,0.0,0.0,0.0,0.0,0.0,0.0,0.0,0.0,0.0,0.0,0.0,0.0,0.0,0.0,11989667439.304348
0.0,4.6278500000000005,0.0,0.0,17.7782,0.0,0.0,634.612,0.0,0.0,0.0,0.0,0.0,0.0,0.0,0.0,0.0,0.0,29330941260.8
0.0,0.039724999999999996,0.0,0.0,0.0,0.0,0.0,63.107175,0.0,0.0,0.0,0.0,0.0,0.0,0.0,0.0,0.0,0.0,0.0
0.0,0.0,0.0,0.0,0.0,0.0,0.0,4380.29695,0.0,0.0,0.0,0.0,0.0,0.0,0.0,0.0,0.0,0.0,24899861094.4
0.05629752066115702,0.9146942148760331,1.7896280991735538,0.1268677685950413,2.066619834710744,4.017214876033058,15.782479338842975,247.38039669421485,649.0445950413223,0.0,0.0,0.0,16.341512396694217,669.6986363636364,16.341512396694217,669.6986363636364,16.341512396694217,669.6986363636364,58926232713.52066
0.10400826446280992,0.4884876033057851,0.9830743801652893,0.12120661157024794,0.5298512396694215,1.1662396694214876,7.051413223140496,37.51745454545455,100.92270247933885,0.0,0.0,0.0,14.557537190082645,196.03619834710744,14.557537190082645,196.03619834710744,14.557537190082645,196.03619834710744,134332754554.71074
0.02792622950819672,1.5685655737704918,0.7359590163934425,1.9153032786885247,26.82755737704918,50.36888524590164,2.2576803278688526,23.54882786885246,61.30102459016394,0.0,0.0,0.0,7.210016393442623,191.52812295081966,7.210016393442623,191.52812295081966,7.210016393442623,191.52812295081966,199263585582.16394
0.14754098360655737,8.617180327868853,14.249893442622952,2.9297377049180326,130.5300737704918,281.1348524590164,11.102811475409835,430.47781967213115,1115.9740081967213,0.0,0.0,0.0,15.973819672131148,1585.6864344262294,15.973819672131148,1585.6864344262294,15.973819672131148,1585.6864344262294,76290036945.83606
0.0,28.550900000000002,0.0,0.0,28.542150000000003,0.0,0.0,14.886525,0.0,0.0,0.0,0.0,0.0,0.0,0.0,0.0,0.0,0.0,95392403852.8
0.0011083333333333333,0.16595000000000001,0.41928333333333334,0.0,0.0,0.0,0.0,0.0,0.0,0.0,0.0,0.0,0.022899999999999997,9.219058333333333,0.022899999999999997,9.219058333333333,0.022899999999999997,9.219058333333333,28724583825.066666
0.0,61.715275,0.0,0.0,6.48425,0.0,0.0,326.632125,0.0,0.0,0.0,0.0,0.0,0.0,0.0,0.0,0.0,0.0,0.0
0.22401639344262295,6.15722131147541,11.358852459016394,0.9853032786885245,26.14317213114754,49.77905737704918,15.151065573770492,273.2275573770492,698.8077377049179,4.304950819672131,89.79011475409837,208.75781147540985,20.747245901639342,972.8276311475411,16.442286885245903,764.0698114754098,16.442286885245903,764.0698114754098,85286089161.44263
0.06468595041322314,0.27779338842975204,0.44449586776859507,0.02400826446280992,0.14206611570247932,0.16511570247933885,131.62268595041323,347.4285867768595,904.2817272727274,112.24779338842976,288.1111570247934,772.1956033057852,244.16043801652893,1678.4790578512395,131.912652892562,906.2834628099173,131.912652892562,906.2834628099173,1002330578512.3967
0.0,0.668425,0.0,0.0,0.0,0.0,0.0,7.2643249999999995,0.0,0.0,0.0,0.0,0.0,0.0,0.0,0.0,0.0,0.0,7992774291.2
0.0,0.0,0.0,0.0,0.0,0.0,0.0,0.0,0.0,0.0,0.0,0.0,0.0,0.0,0.0,0.0,0.0,0.0,0.0
0.0,0.0,0.0,0.0,36.35385,0.0,0.0,0.0,0.0,0.0,0.0,0.0,0.0,0.0,0.0,0.0,0.0,0.0,0.0
0.0,1.447725,0.0,0.0,0.0,0.0,0.0,0.0,0.0,0.0,0.0,0.0,0.0,0.0,0.0,0.0,0.0,0.0,948769892.8
0.0,0.0,0.0,0.0,38.8048,0.0,0.0,0.0,0.0,0.0,0.0,0.0,0.0,0.0,0.0,0.0,0.0,0.0,0.0
0.0,1.1081999999999999,0.0,0.0,0.0,0.0,0.0,102.07845,0.0,0.0,0.0,0.0,0.0,0.0,0.0,0.0,0.0,0.0,0.0
0.0,0.135425,0.0,0.0,0.136275,0.0,0.0,122.125875,0.0,0.0,0.0,0.0,0.0,0.0,0.0,0.0,0.0,0.0,0.0
0.0,0.0,0.0,0.0,0.0,0.0,0.0,19.306525,0.0,0.0,0.0,0.0,0.0,0.0,0.0,0.0,0.0,0.0,308110775.6
0.12169090909090909,0.46049090909090906,3.6126363636363634,0.0,0.007763636363636363,0.0,0.0,0.0,0.0,0.0,0.0,0.0,0.12169090909090909,3.6126363636363634,0.12169090909090909,3.6126363636363634,0.12169090909090909,3.6126363636363634,449106407526.4
0.0,0.518625,0.0,0.0,0.0,0.0,0.0,9.85415,0.0,0.0,0.0,0.0,0.0,0.0,0.0,0.0,0.0,0.0,18555599872.0
0.0,0.283875,0.0,0.0,10.47409375,0.0,0.0,1077.76796875,0.0,0.0,0.0,0.0,0.0,0.0,0.0,0.0,0.0,0.0,68761380880.0
0.0,4.65835,0.0,0.0,5.573675,0.0,0.0,0.0,0.0,0.0,0.0,0.0,0.0,0.0,0.0,0.0,0.0,0.0,1204491728.0
0.0,0.07292499999999999,0.0,0.0,0.0,0.0,0.0,6.003525,0.0,0.0,0.0,0.0,0.0,0.0,0.0,0.0,0.0,0.0,5534265286.4
0.028910714285714286,4.591571428571429,5.0689464285714285,0.0,0.0,0.0,0.0,0.0,0.0,0.0,0.0,0.0,0.708625,153.822875,0.708625,153.822875,0.708625,153.822875,103501766966.85715
0.21028070175438598,19.058263157894736,38.69250877192982,0.004421052631578947,0.5497894736842105,0.8238771929824561,7.952666666666667,595.2068596491227,1522.849947368421,24.77964912280702,1822.0590877192983,4627.686403508772,33.625263157894736,6314.936315789473,8.845491228070175,1687.2498596491228,8.845491228070175,1687.2498596491228,51183674835.08772
0.1629375,41.6086875,78.69753125,0.0029375,1.0534375,1.434625,9.53009375,1915.8193125,4711.54,13.298937500000001,2653.7939375,6579.27515625,23.316,11527.95525,10.01709375,4948.6801875,10.01709375,4948.6801875,38155230400.0
0.0,0.695225,0.0,0.0,0.0,0.0,0.0,0.0,0.0,0.0,0.0,0.0,0.0,0.0,0.0,0.0,0.0,0.0,0.0
0.0,0.067825,0.0,0.0,0.0718,0.0,0.0,0.025474999999999998,0.0,0.0,0.0,0.0,0.0,0.0,0.0,0.0,0.0,0.0,0.0
0.0,0.0,0.0,0.0,0.0,0.0,0.0,0.0,0.0,0.0,0.0,0.0,0.0,0.0,0.0,0.0,0.0,0.0,0.0
0.4594214876033058,3.6105785123966943,8.0739173553719,0.5842644628099173,4.643272727272727,10.23310743801653,1.4710826446280991,14.147628099173554,38.929512396694214,9.029330578512397,75.0590082644628,198.54560330578514,11.745925619834711,259.80128925619834,2.7166528925619837,61.25561983471075,2.7166528925619837,61.25561983471075,160987921831.1405
0.984694214876033,10.343611570247933,19.34002479338843,0.38194214876033056,3.252404958677686,7.555504132231405,3.352082644628099,28.98990909090909,76.53673553719008,82.03373553719008,643.6396363636364,1705.0531652892562,88.57193388429752,1844.4105041322314,6.538198347107437,139.35732231404958,6.538198347107437,139.35732231404958,323739678880.7934
0.0,0.08433333333333334,0.0,0.0,0.0,0.0,0.0,0.0,0.0,0.0,0.0,0.0,0.0,0.0,0.0,0.0,0.0,0.0,0.0
2.782573770491803,31.802360655737704,59.52173770491803,14.677516393442623,144.4180655737705,318.33403278688525,35.80376229508197,341.30837704918036,903.4656065573771,45.69585245901639,421.5047213114754,1082.147893442623,102.51825409836066,2442.1038852459014,56.822418032786885,1359.9560163934425,56.822418032786885,1359.9560163934425,407898538235.8033
0.052218181818181816,0.7755818181818182,2.4728545454545454,0.1202,2.234381818181818,5.741727272727273,7.573418181818182,153.6496909090909,413.88634545454545,0.0,0.0,0.0,7.771654545454545,423.33383636363635,7.771654545454545,423.33383636363635,7.771654545454545,423.33383636363635,74135029955.4909
0.0,0.08130000000000001,0.0,0.0,0.0,0.0,0.0,64.25817500000001,0.0,0.0,0.0,0.0,0.0,0.0,0.0,0.0,0.0,0.0,69355340172.8
0.0,0.8604166666666667,0.0,0.0,0.0,0.0,0.0,264.758625,0.0,0.0,0.0,0.0,0.0,0.0,0.0,0.0,0.0,0.0,0.0
0.03289344262295082,2.50355737704918,3.319122950819672,2.8251639344262296,158.34286885245902,290.3512213114754,76.85730327868853,3355.4183770491804,8807.367901639345,58.17112295081967,2489.2574426229507,6512.7707213114745,143.9067868852459,16257.056909836065,85.73563114754099,9744.286147540983,85.73563114754099,9744.286147540983,129124324884.98361
0.4728928571428571,30.328750000000003,56.52792857142857,0.04971428571428572,2.7843214285714284,6.074821428571428,88.10603571428571,4753.882625,12765.308232142856,48.79401785714286,2526.3706428571427,6829.97475,139.15760714285713,19889.247714285713,90.36358928571428,13059.272874999999,90.36358928571428,13059.272874999999,248214285714.2857
0.0,0.0,0.0,0.0,0.0,0.0,0.0,51.592038461538465,0.0,0.0,0.0,0.0,0.0,0.0,0.0,0.0,0.0,0.0,60826839236.92308
0.24280991735537188,6.3969504132231405,10.25321487603306,0.37057024793388427,6.97895867768595,15.803082644628098,5.521826446280992,103.53785950413223,280.24768595041326,29.847487603305783,508.5270165289256,1371.9248925619836,36.876586776859504,1717.4322892561984,7.029057851239669,345.50739669421483,7.029057851239669,345.50739669421483,194736759200.7934
0.0,0.0,0.0,0.0,0.0,0.0,0.0,1570.442448275862,0.0,0.0,0.0,0.0,0.0,0.0,0.0,0.0,0.0,0.0,13427258703.448277
0.0,0.04849166666666667,0.0,0.0,0.0,0.0,0.0,8.710491666666666,0.0,0.0,0.0,0.0,0.0,0.0,0.0,0.0,0.0,0.0,22622558263.466667
0.5034876033057851,3.341429752066116,7.28900826446281,0.14779338842975207,1.328495867768595,2.1331404958677687,5.50701652892562,36.003776859504136,95.58410743801653,0.0,0.0,0.0,9.64076859504132,156.00994214876033,9.64076859504132,156.00994214876033,9.64076859504132,156.00994214876033,167630229457.45456
0.0,0.0,0.0,0.0,0.0,0.0,0.0,0.0,0.0,0.0,0.0,0.0,0.0,0.0,0.0,0.0,0.0,0.0,0.0
0.0,0.058075,0.0,0.0,0.0,0.0,0.0,6.826325,0.0,0.0,0.0,0.0,0.0,0.0,0.0,0.0,0.0,0.0,5822133062.4
0.0,0.0,0.0,0.0,0.0,0.0,0.0,0.0,0.0,0.0,0.0,0.0,0.0,0.0,0.0,0.0,0.0,0.0,0.0
0.0030363636363636365,0.8071636363636363,2.2746181818181817,0.0,0.0,0.0,0.0,0.0,0.0,0.0,0.0,0.0,0.0498,42.56392727272728,0.0498,42.56392727272728,0.0498,42.56392727272728,17262088024.436363
0.0,0.6349504132231406,0.0,0.0,3.3604297520661155,0.0,0.0,1.1769421487603307,0.0,0.0,0.0,0.0,0.0,0.0,0.0,0.0,0.0,0.0,25157930286.545456
0.4659508196721312,4.408713114754099,5.64610655737705,2.4668032786885243,17.73254918032787,31.07970491803279,33.0535737704918,206.71013114754098,519.4552213114754,0.0,0.0,0.0,37.21627049180328,572.7810737704917,37.21627049180328,572.7810737704917,37.21627049180328,572.7810737704917,292612350652.8525
0.002475,0.0,0.436875,0.0,0.0,0.0,0.0082,0.6706,1.858775,0.0,0.0,0.0,0.010675,2.2956499999999997,0.010675,2.2956499999999997,0.010675,2.2956499999999997,35888057331.2
0.0,0.0,0.0,0.0,0.0,0.0,0.0,0.0,0.0,0.0,0.0,0.0,0.0,0.0,0.0,0.0,0.0,0.0,0.0
0.0,0.0,0.0,0.0,0.0,0.0,0.0,0.0,0.0,0.0,0.0,0.0,0.0,0.0,0.0,0.0,0.0,0.0,0.0
0.0,0.306325,0.0,0.0,0.0,0.0,0.0,31.31355,0.0,0.0,0.0,0.0,0.0,0.0,0.0,0.0,0.0,0.0,30009878784.0
0.14621487603305786,1.5090578512396695,3.289776859504132,0.17930578512396692,2.5479504132231408,4.010404958677686,8.320041322314049,65.47971900826447,172.6260082644628,60.589842975206615,487.26758677685956,1266.880388429752,69.28464462809917,1447.8944545454544,8.694801652892561,181.01405785123967,8.694801652892561,181.01405785123967,128570247933.8843
0.33403636363636363,13.799490909090908,34.68338181818182,0.0006545454545454546,0.021400000000000002,0.0655090909090909,0.0,0.0,0.0,0.0,0.0,0.0,0.3363090909090909,34.923218181818186,0.3363090909090909,34.923218181818186,0.3363090909090909,34.923218181818186,181636363636.36365
1.2884180327868853,10.839286885245901,19.353688524590165,8.176696721311476,65.83972131147542,124.67325409836064,5.647680327868853,36.77022950819672,95.91591803278689,73.00715573770492,465.5446967213115,1233.0904918032788,96.4863606557377,1603.0189344262294,23.47916393442623,369.92846721311474,23.47916393442623,369.92846721311474,864836065573.7705
9.382479338842975,14.242975206611572,29.054603305785125,47.583793388429754,66.55267768595041,149.89256198347107,339.9771652892562,493.9498760330578,1332.6930330578512,642.224958677686,852.1074049586776,2304.6028925619835,1144.3037685950412,4180.9949090909095,502.0788181818182,1876.3920082644627,502.0788181818182,1876.3920082644627,5132520661157.024
0.0,0.0,0.0,0.0,0.0,0.0,0.0,0.0,0.0,0.0,0.0,0.0,0.0,0.0,0.0,0.0,0.0,0.0,0.0
0.0,23.479999999999997,0.0,0.0,0.0,0.0,0.0,0.0,0.0,0.0,0.0,0.0,0.0,0.0,0.0,0.0,0.0,0.0,0.0
0.0,12.50051219512195,0.0,0.0,176.69436585365852,0.0,0.0,1059.7378048780488,0.0,0.0,0.0,0.0,0.0,0.0,0.0,0.0,0.0,0.0,34690587623.02439
0.0004,0.024149999999999998,0.01225,0.0,0.0,0.0,14.868,223.787125,602.2424,0.0,0.0,0.0,14.868424999999998,602.2546500000001,14.868424999999998,602.2546500000001,14.868424999999998,602.2546500000001,112421828825.6
0.0,1.7024000000000001,0.0,0.0,5.1430750000000005,0.0,0.0,0.0,0.0,0.0,0.0,0.0,0.0,0.0,0.0,0.0,0.0,0.0,0.0
0.0015083333333333333,0.01415,0.05175,0.003075,0.14891666666666667,0.10788333333333333,50.94703333333334,793.27305,2163.0642916666666,0.0,0.0,0.0,50.95164166666667,2163.223933333333,50.95164166666667,2163.223933333333,50.95164166666667,2163.223933333333,96026883447.46666
0.089,1.6598181818181819,0.9235619834710743,0.03581818181818182,0.28682644628099174,0.38046280991735537,19.908330578512395,93.0059917355372,229.79023140495866,0.0,0.0,0.0,20.053669421487605,231.3219090909091,20.053669421487605,231.3219090909091,20.053669421487605,231.3219090909091,75637335124.6281
0.0,0.0,0.0,0.0,0.0,0.0,0.0,0.0,0.0,0.0,0.0,0.0,0.0,0.0,0.0,0.0,0.0,0.0,0.0
0.0,0.0,0.0,0.0,0.0,0.0,0.0,0.0,0.0,0.0,0.0,0.0,0.0,0.0,0.0,0.0,0.0,0.0,0.0
61.07507438016529,4.0794380165289255,8.163264462809916,200.9405867768595,12.513760330578512,27.552859504132233,2889.17273553719,192.7610082644628,510.9465785123967,2067.264132231405,127.64295867768595,342.54478512396696,5549.179446280991,939.5693801652893,3481.915338842975,597.0246280991735,3481.915338842975,597.0246280991735,22977685950413.223
0.0,1.0031,0.0,0.0,0.0,0.0,0.0,0.0,0.0,0.0,0.0,0.0,0.0,0.0,0.0,0.0,0.0,0.0,44435408445.44
0.0,0.0,0.0,0.0,0.0,0.0,0.0,0.0,0.0,0.0,0.0,0.0,0.0,0.0,0.0,0.0,0.0,0.0,0.0
0.0,0.009383333333333334,0.0,0.0,0.0,0.0,0.0,128.158625,0.0,0.0,0.0,0.0,0.0,0.0,0.0,0.0,0.0,0.0,8102568520.533334
0.0,0.039125,0.0,0.0,0.0,0.0,0.0,62.087383333333335,0.0,0.0,0.0,0.0,0.0,0.0,0.0,0.0,0.0,0.0,12139535577.6
